0.000000000000000000e+00 0.000000000000000000e+00 1.537080979262244896e-07 1.008078358800161543e-07 1.727921467179980159e-07 1.846683341583914192e-07 1.032334401754944832e-07 8.688790305030143116e-08 6.519804159725504341e-08 5.302866913316437396e-08 3.697269995978381527e-08 2.322903345025833909e-08 1.463491785799802040e-08 1.018759302355828675e-08 7.865266545631996064e-09 0.000000000000000000e+00 2.098566253643806001e-01 6.337725926713714264e-01 9.712530866029089882e-01 2.396122832825510418e+00 1.615785196566231097e+00 1.625890141277150480e+00 1.967769154897689887e+00 2.739502096666027064e+00 2.930189849145278025e+00 3.551257919713201261e+00 3.459942095934068984e+00 2.854048423187495409e+00 2.860853553542404892e+00 2.680693684532875487e+00 2.713206322372810231e+00 2.944552053437179850e+00
0.000000000000000000e+00 0.000000000000000000e+00 1.796448022183956016e-07 1.139411333744306434e-07 1.705245391237126777e-07 1.389663354660475060e-07 1.000511057956965542e-07 6.773583230717118243e-08 6.201789998207544719e-08 4.364230337170707006e-08 2.720427673313269012e-08 2.053567600388964015e-08 1.319654610285801147e-08 9.859537909971397800e-09 7.007118668164155931e-09 0.000000000000000000e+00 5.615112996948266044e-01 5.045623667451094585e-01 3.718157644744196633e-01 1.521689956843651270e+00 1.194570590818466505e+00 1.352237005961467675e+00 1.685136818346290255e+00 2.302477877932147976e+00 2.332359107546905452e+00 2.350485953784072990e+00 2.211285454103534498e+00 2.559185040197413219e+00 2.493201126487589736e+00 2.406069830165324497e+00 2.016589758968970525e+00 1.274482644000175968e+00
0.000000000000000000e+00 0.000000000000000000e+00 1.121928258095632583e-07 6.705813722610473626e-08 1.015628375220736790e-07 1.885354221552233232e-07 1.090427815076930913e-07 7.817406579459568516e-08 6.727176857337959162e-08 4.789729369256502736e-08 3.264092427292610222e-08 2.228496414229331873e-08 1.351618685381634754e-08 9.707313028329820297e-09 7.590679633963268710e-09 0.000000000000000000e+00 4.993846721033293190e-01 2.476416020831150588e-01 3.880946544158538902e-01 2.428262635389853763e+00 1.455080369937920892e+00 1.913778516960322751e+00 2.146362328241267381e+00 2.535133883314082404e+00 3.299322235475320220e+00 2.633462761744523650e+00 2.851434980105388650e+00 2.697596354029298649e+00 2.647808017077602827e+00 2.545489008895465144e+00 3.288664316802257126e+00 4.685477455782321776e+00
0.000000000000000000e+00 0.000000000000000000e+00 1.378779577986304556e-07 5.936371062379766044e-08 1.504171139747366661e-07 1.737518907553961628e-07 1.236048917079699920e-07 7.684420564946036718e-08 6.126734202679625633e-08 4.392629717202333671e-08 3.069784966562598163e-08 2.000656103986262527e-08 1.359005509477708463e-08 9.461454109809990144e-09 7.407433461199201409e-09 0.000000000000000000e+00 3.026711487540963974e-01 2.915937961612450335e-01 4.634594374784348214e-01 2.604973073427861330e+00 1.810505927270241289e+00 2.412087770244478513e+00 1.659908778360262405e+00 2.775322367551479985e+00 2.221224341698252225e+00 2.608787211983714549e+00 2.549935961172704157e+00 2.581412663780561889e+00 2.455723151285713612e+00 2.682504911836681494e+00 2.739338217251204188e+00 3.385288257245644417e+00
0.000000000000000000e+00 0.000000000000000000e+00 1.519820891835794053e-07 1.422538600526863687e-07 1.235856808588594690e-07 1.801898244352818383e-07 1.299592175460041071e-07 9.247512688717474491e-08 7.479596485162315642e-08 5.336035292709901692e-08 3.521609681249738242e-08 2.028969670652967704e-08 1.420162417416070709e-08 9.661027409325444059e-09 7.779516952968876840e-09 0.000000000000000000e+00 9.495865939046431725e-01 4.982284098727307042e-01 7.792193198911636642e-01 2.161737334158101653e+00 2.421882591015445563e+00 2.461331272494901690e+00 2.184849154825204032e+00 3.031157253441804755e+00 3.603212940213189164e+00 3.004651963423917493e+00 3.089633452409448644e+00 2.482816888497126673e+00 2.472781794877525918e+00 2.614157005670592504e+00 2.762567173253192898e+00 3.367022994165351779e+00
0.000000000000000000e+00 0.000000000000000000e+00 1.122071840871526089e-07 1.909764286084946981e-07 6.965403445491415904e-08 1.591353171168583201e-07 1.376032049711097912e-07 8.044470369170277284e-08 7.272766737587745888e-08 4.768037665884761904e-08 3.397712466196829891e-08 2.095206887763969842e-08 1.449138928717819316e-08 9.756443504800432408e-09 7.637463111432830066e-09 0.000000000000000000e+00 6.012639145416402986e-01 6.405066174090745523e-01 5.967992056509811849e-02 1.478983568490370937e+00 1.418918368924411144e+00 2.514624189273300114e+00 2.327807319260295937e+00 2.520421938074243418e+00 2.396783883404698834e+00 2.824662339851264470e+00 2.892060558122135028e+00 2.620893712260350839e+00 2.656859936996815996e+00 2.718724011411688402e+00 2.683569106395006010e+00 3.407554251091019726e+00
0.000000000000000000e+00 0.000000000000000000e+00 7.754802231497718310e-08 1.343666448012823755e-07 1.636306696232569623e-07 1.367087394600325831e-07 1.400220643750513150e-07 1.076722514163654875e-07 7.573895041409810722e-08 5.028498291094570994e-08 3.827455544572711088e-08 2.398396932904039890e-08 1.544186680323132229e-08 1.064569228346440084e-08 7.819728044263783737e-09 0.000000000000000000e+00 2.551481713041782728e-01 1.053903286268766060e+00 3.261790240721286760e-01 2.682095807638210427e+00 1.776047011578376411e+00 2.859377868039649773e+00 2.831876896370256080e+00 2.840004585861672037e+00 3.217314924904568496e+00 3.379379109828737349e+00 3.599185800276768710e+00 2.856026691879514523e+00 3.088730451587306192e+00 2.950919346894786077e+00 2.897085873123138366e+00 2.999296683244160544e+00
0.000000000000000000e+00 0.000000000000000000e+00 1.531871640216575404e-07 1.232914037344119708e-07 1.729398670016758607e-07 1.203389224402921578e-07 1.333584995885938833e-07 8.668093802693152556e-08 7.978490594157899866e-08 5.658532254323363897e-08 3.718891031654200343e-08 2.476623862689356889e-08 1.600602630727174275e-08 1.070342349867129742e-08 7.741525399155044957e-09 0.000000000000000000e+00 8.074269304874451825e-01 9.657120633713031088e-01 1.256367559636553777e+00 1.795630011602631360e+00 1.028203773836014800e+00 2.314167161821595098e+00 2.122231890815394983e+00 3.708715769904181059e+00 3.436433397373792609e+00 3.739303153218439313e+00 3.185687479881109230e+00 3.516020081742176728e+00 3.053683476936838836e+00 3.032147489407244656e+00 2.502755752047802762e+00 2.352118913510989451e+00
0.000000000000000000e+00 0.000000000000000000e+00 8.463586165793727845e-08 9.751105738205533625e-08 1.274073851954231709e-07 1.618860105773291413e-07 1.265960042027972557e-07 8.571848022185507583e-08 7.133007234399798728e-08 4.901829411615952785e-08 3.066379640195655059e-08 1.998432343295728700e-08 1.301897267265259852e-08 9.232978520048717755e-09 7.524131842125841019e-09 0.000000000000000000e+00 3.660504028033286783e-01 3.103547578520494676e-01 4.006000007394300289e-01 1.697333753841236970e+00 1.293924389267424147e+00 2.664765698169916597e+00 2.212544922087865906e+00 3.364356939684610914e+00 3.018873211698875902e+00 2.512246383319435949e+00 2.533209154025956256e+00 2.472947895858875533e+00 2.309396223316190877e+00 2.353778217716254950e+00 2.370043389598080807e+00 2.608371186593114288e+00
0.000000000000000000e+00 0.000000000000000000e+00 1.375900079106490942e-07 1.496514283488914534e-07 1.253905393960369609e-07 1.910381587185644235e-07 1.571361847823457201e-07 9.627314948631941625e-08 7.594357505710327057e-08 5.455793517901862705e-08 3.742064136107789264e-08 2.599001227241778034e-08 1.549564621647841881e-08 1.030869304113789012e-08 7.758552787522704984e-09 0.000000000000000000e+00 7.531204439327362499e-01 5.983985775433733334e-01 6.131324044852789479e-01 2.337907994040021809e+00 2.035924747805417656e+00 3.377696494472581801e+00 2.106721703764159681e+00 3.361617091339543784e+00 3.559071014455862603e+00 3.495167142657736203e+00 3.879373766006710689e+00 3.377479099613997171e+00 3.187924812025343613e+00 2.784440928714654095e+00 3.486212505570050801e+00 4.650208216203763456e+00
0.000000000000000000e+00 0.000000000000000000e+00 1.473785518978528312e-07 9.159502053576190527e-08 1.420568732737362483e-07 1.717019901552867633e-07 8.592230793040589266e-08 9.096282852361411910e-08 6.879713771581589492e-08 5.378000590055683421e-08 3.635425372732410394e-08 2.308733882133906513e-08 1.523085970713586461e-08 1.023242843671435638e-08 7.882517593650058951e-09 0.000000000000000000e+00 5.360092645604970230e-01 5.925942714467903327e-01 5.600580823643735995e-01 1.989678954565896607e+00 1.734511531483442726e+00 1.965520125145790997e+00 1.949862945123851832e+00 3.062742296937359221e+00 2.748423264853129488e+00 3.253801633209040034e+00 3.516310098740646595e+00 2.928383809397216542e+00 2.796913903853441408e+00 3.041242206788421054e+00 3.394358925121365278e+00 4.492721679221598485e+00
0.000000000000000000e+00 0.000000000000000000e+00 9.964520036412809605e-08 1.595918790885074009e-07 1.186478401937367572e-07 1.637881680482317348e-07 1.398901340755715917e-07 9.149184656796430439e-08 8.193983033127951890e-08 4.807567157350355974e-08 4.291386655126254824e-08 2.430539640601950141e-08 1.543799460056635131e-08 1.082195929400771785e-08 7.688532831338204227e-09 0.000000000000000000e+00 3.846426045115796666e-01 5.308067580523105899e-01 3.323673970773217690e-01 1.955035554304493273e+00 1.407066838670382847e+00 2.811738040415260986e+00 2.612490314052954066e+00 3.051302081783107134e+00 2.772515993672107548e+00 3.230427567114593224e+00 4.002199058458874248e+00 3.069577563703734135e+00 3.136903180240875777e+00 2.957526145682786822e+00 3.537958413523460965e+00 4.236365790081702443e+00
0.000000000000000000e+00 0.000000000000000000e+00 1.632148987316848177e-07 1.105458125052093031e-07 9.758221429194626553e-08 1.303798879168353911e-07 8.275629918901247995e-08 6.239451251698198057e-08 5.811334587582515862e-08 4.147621457052071817e-08 2.501584525960992787e-08 1.791529998344652606e-08 1.277500108225444032e-08 9.245399023041644566e-09 7.383979059407396149e-09 0.000000000000000000e+00 5.909401918837194900e-01 2.670495415661459093e-01 2.129484340448478397e-01 2.118602687009174979e+00 7.684748650489767741e-01 1.578457797177183597e+00 1.334581769260982709e+00 1.839925476956333572e+00 2.430789210535689637e+00 2.163828610568339972e+00 1.994074081654972685e+00 2.073082021645149098e+00 2.109929996368428817e+00 2.349307471436608008e+00 3.106076067476808866e+00 4.212279938403943547e+00
0.000000000000000000e+00 0.000000000000000000e+00 1.175790835425213273e-07 2.083975777451189342e-07 1.695871079203337089e-07 1.439403996076137861e-07 1.115242389019766027e-07 8.718608079459334561e-08 7.376536623302001116e-08 4.834626552780636305e-08 3.211642691139500184e-08 2.164512722281211972e-08 1.399342422241449309e-08 9.699221745401832090e-09 7.371214949048730044e-09 0.000000000000000000e+00 8.031789340409014599e-01 1.273727776769745024e+00 5.964706770994343543e-01 2.825141358164748429e+00 1.344829184893824081e+00 2.218508502236901325e+00 1.957874379002982668e+00 2.938164412336888631e+00 2.907246963299822795e+00 3.032103701025242515e+00 2.874554935514196163e+00 2.756353450203302025e+00 2.839364804943804721e+00 2.462787267252879442e+00 2.813002735422938549e+00 3.232961297188920557e+00
0.000000000000000000e+00 0.000000000000000000e+00 1.040017242745655034e-07 1.133881035668239918e-07 1.146878606949512879e-07 1.579954914504001486e-07 1.422662091417302134e-07 9.070265652340640520e-08 6.599022674020120452e-08 5.275997987194905059e-08 3.723051379388557176e-08 2.141828552447888190e-08 1.559705802195020959e-08 1.021123175670615159e-08 8.001358051217000193e-09 0.000000000000000000e+00 2.812855333819069825e-01 4.307561298577719522e-01 2.193987593580618012e-01 2.168631995758838471e+00 2.404902869447199443e+00 2.894792898343653498e+00 2.288976654658517074e+00 2.742972032721564979e+00 2.894465384434604438e+00 3.187225237717933091e+00 3.157556857499149050e+00 2.702995956091473140e+00 2.817405644570423195e+00 2.869466931509511376e+00 2.986504605086504505e+00 3.608304929930211014e+00
0.000000000000000000e+00 0.000000000000000000e+00 1.247051203418403845e-07 8.693719299656290393e-08 1.619873378352941937e-07 1.519211719969755526e-07 1.062249583177874320e-07 8.668613755497838930e-08 6.155724877102317474e-08 4.703761078199300838e-08 3.330043642603285673e-08 2.093421926657317432e-08 1.483107221264405167e-08 1.018740550546044824e-08 7.526247887472925642e-09 0.000000000000000000e+00 5.181574381315032785e-01 3.980286956603519277e-01 6.459494677312364042e-01 2.065632904373796652e+00 1.547226301156917616e+00 1.550270161799822688e+00 1.939547444822447009e+00 2.747444849666679900e+00 2.525548227979476756e+00 2.903163962064479353e+00 2.737318177030388267e+00 2.685617750860379793e+00 2.836159514457160746e+00 2.904790405621300753e+00 2.486545937129017059e+00 2.776897915673917971e+00
0.000000000000000000e+00 0.000000000000000000e+00 1.608039699793937387e-07 2.248109149165498606e-07 2.163105373304271277e-07 1.684985930830425922e-07 1.614175177776059891e-07 9.655693676991950624e-08 7.365132965417487873e-08 4.931230108798732594e-08 3.732489028315404478e-08 2.296926137368315883e-08 1.501330312428881122e-08 1.061901902676268766e-08 8.111613825870840706e-09 0.000000000000000000e+00 7.751449145105079319e-01 1.046725249027805393e+00 8.697157992219789469e-01 3.277572360769715143e+00 1.533373628792538579e+00 3.219548798466021822e+00 2.429196024982741786e+00 3.410632507788210255e+00 2.607791816311714861e+00 3.230860144004910062e+00 3.235703230869526603e+00 3.080588344356086417e+00 2.766347471316065398e+00 2.893309317796846525e+00 2.699009358001870140e+00 2.712664007436435210e+00
0.000000000000000000e+00 0.000000000000000000e+00 1.833650720232180177e-07 1.361529304007333512e-07 1.392248651282373117e-07 1.131288316835916427e-07 1.357847681060432576e-07 1.046478786432958404e-07 8.475855713448628561e-08 5.611948028760808040e-08 3.888878993169780845e-08 2.278173146280596659e-08 1.445161161165289653e-08 9.946138678330585801e-09 7.478872890746505371e-09 0.000000000000000000e+00 8.463750472473373643e-01 6.700631896552687872e-01 5.774389127246992715e-01 1.640039562455970934e+00 1.007016308889519429e+00 2.773074258184753837e+00 3.636895390094969649e+00 4.033139434374670707e+00 3.843504252280285360e+00 3.974827598127672168e+00 3.352623717284804350e+00 2.817490159873853095e+00 2.660672714255631011e+00 2.721931890480234095e+00 2.770914027165385374e+00 3.248722190403640298e+00
0.000000000000000000e+00 0.000000000000000000e+00 1.724544866401634203e-07 1.112977653502972678e-07 1.574224693270488167e-07 1.378485203309419515e-07 1.166027057853053589e-07 9.355392461900873384e-08 7.362320272881802657e-08 4.915616925062608185e-08 3.513623844051501622e-08 2.165984519537145167e-08 1.354792377463426049e-08 9.916485840526812747e-09 7.562337064960232279e-09 0.000000000000000000e+00 8.685797215175972141e-01 4.497571827816213563e-01 1.060881265292537706e-01 2.038782958179569782e+00 2.141998848815279910e+00 2.199124452954398734e+00 2.817195773441033779e+00 3.013410944035890715e+00 2.868298560736305625e+00 2.710662407644559124e+00 2.960417224316611140e+00 2.641477232293782507e+00 2.567341995342587335e+00 2.603133874136551285e+00 3.353268295262914478e+00 4.368899707062570137e+00
0.000000000000000000e+00 0.000000000000000000e+00 1.111125879479487118e-07 1.123462887606503218e-07 1.625739521514016816e-07 1.545730161013534964e-07 1.028217388708505162e-07 1.032331760744238073e-07 7.189271007233159849e-08 4.876335150603893051e-08 3.506987297424247411e-08 2.096492909203743537e-08 1.460435283978755248e-08 9.857322566722663375e-09 7.295007633028574170e-09 0.000000000000000000e+00 4.027129697378769579e-01 4.948392512304787827e-01 7.251898049562824911e-01 2.295839432107511957e+00 1.033683363634780195e+00 2.132804496686440121e+00 2.366347093209788088e+00 3.526411431224198534e+00 2.821493084238691829e+00 3.204021438198248806e+00 3.018968414718034232e+00 2.599850958284083191e+00 2.627529793964004323e+00 2.798829020133309253e+00 2.550454647993637192e+00 2.681450793936734467e+00
0.000000000000000000e+00 0.000000000000000000e+00 1.050957664324335618e-07 1.434607184313825769e-07 1.531665989904030759e-07 1.353362240391798070e-07 1.253593620924964154e-07 7.982131323398474636e-08 5.653763953445179027e-08 4.199393757357362951e-08 2.891748598518754396e-08 2.051941957508775655e-08 1.495553996699490195e-08 1.013407338765633960e-08 7.813353573579600207e-09 0.000000000000000000e+00 5.396073619103866070e-01 5.851596057667102224e-01 7.339966590133591984e-01 1.815732256465777850e+00 1.061571273348911548e+00 1.721597600752194479e+00 2.125687972002586967e+00 2.277370963119281555e+00 2.269602176691579931e+00 2.523399552018389169e+00 2.660226703089649813e+00 2.709914765154424199e+00 2.678246791282993478e+00 2.643861521509558443e+00 3.275064831697326984e+00 4.055688260129211464e+00
0.000000000000000000e+00 0.000000000000000000e+00 9.527918117876189350e-08 8.658421283115931593e-08 1.695058828736443713e-07 1.199295128764375562e-07 1.543977609202732195e-07 1.031656496803114484e-07 6.748872736867229998e-08 5.120354194407574091e-08 3.185449440100325163e-08 2.344913177837530781e-08 1.519784967902013034e-08 1.030904746750078026e-08 7.762949248394853671e-09 0.000000000000000000e+00 2.607001695072473368e-01 4.422856986789804878e-01 6.143216907092230450e-01 1.563089538644910848e+00 1.769091333347379003e+00 3.376662706450288987e+00 2.859900557826640544e+00 2.999218345209453851e+00 3.238882303869311752e+00 2.733400898740820928e+00 2.981274444043210625e+00 2.745358918960870476e+00 3.053631281749643822e+00 2.872869998298348992e+00 2.646305846697966313e+00 2.662145422594460076e+00
0.000000000000000000e+00 0.000000000000000000e+00 1.471740173686624350e-07 1.309675752932949572e-07 1.006320777876828430e-07 1.792427874678783492e-07 1.473552182304181956e-07 1.048496480371540906e-07 7.500455619187037276e-08 5.433911323461901485e-08 3.500472258461764580e-08 2.380523764982557497e-08 1.560607681406053078e-08 9.820222231904568922e-09 7.782347352835661680e-09 0.000000000000000000e+00 5.601808488409365516e-01 3.632115694769777470e-01 3.449940941772651204e-01 2.408882056985316211e+00 2.014658869167189614e+00 2.496077433941072510e+00 2.727357913555810143e+00 3.735613258862778618e+00 3.190390148250085378e+00 3.133480488466317659e+00 3.490419123054318895e+00 3.267833742060001434e+00 2.832901301465313715e+00 2.850049099284343690e+00 2.565778206294996533e+00 2.898182256576119720e+00
0.000000000000000000e+00 0.000000000000000000e+00 1.422055774394113087e-07 1.142885941120288504e-07 1.241723301626068615e-07 1.804858858152886922e-07 1.293723268791076961e-07 1.000236421726064760e-07 6.992445616791907826e-08 5.318921029786985100e-08 3.452914771215716623e-08 2.353271148659202965e-08 1.554457402532435060e-08 9.960929770878657986e-09 7.659337465374452173e-09 0.000000000000000000e+00 5.806351711388963999e-01 5.383847141114963541e-01 4.876512562773360204e-01 2.166747110571285440e+00 1.788922179515336719e+00 2.930523129730358001e+00 2.858407943985922461e+00 2.963441545212912587e+00 3.118214563194915634e+00 3.117771343706483567e+00 3.281107854415884706e+00 3.212073739111779958e+00 2.876929629410296840e+00 2.905226439537867744e+00 3.545681185618731579e+00 4.938338721022606848e+00
0.000000000000000000e+00 0.000000000000000000e+00 1.726824199191331547e-07 9.371775985348486846e-08 9.307032558705861720e-08 1.949135982895452082e-07 1.216529071015080753e-07 9.619191277967625575e-08 8.186310529641039882e-08 5.306175967867028113e-08 3.476705766763848729e-08 2.105581961608065132e-08 1.391702901834272591e-08 9.390429192121691509e-09 7.246446116986257205e-09 0.000000000000000000e+00 6.076569404236317196e-01 2.859497201635711749e-01 2.094076390221232542e-01 2.445375816552815884e+00 3.047376590034455823e+00 2.711566831780599873e+00 2.732694055812971534e+00 3.751655488819001683e+00 3.149765497499735112e+00 3.318020886442178519e+00 3.087828064906704473e+00 2.629245846483150295e+00 2.437564828835124153e+00 2.528009838263589160e+00 2.980903383134505535e+00 4.137838147874893124e+00
0.000000000000000000e+00 0.000000000000000000e+00 2.002120387600682849e-07 1.541985377424701226e-07 1.270539111143254022e-07 1.795267151781109005e-07 1.113483701633150637e-07 9.782517709523621328e-08 7.953554630970144977e-08 4.711138680199151509e-08 3.526398569249355537e-08 2.318705899483415456e-08 1.578704820980257316e-08 1.025560116692668826e-08 7.476670353650658751e-09 0.000000000000000000e+00 9.800422692669087388e-01 5.213871552333778636e-01 6.906326511875002794e-01 2.917962820843787775e+00 1.725429726785091544e+00 2.405654079166619219e+00 2.933254221373974513e+00 3.069300183619267930e+00 2.930939413097346513e+00 3.134816779533340814e+00 3.371924930473643833e+00 2.960496187751008978e+00 3.013606375018115457e+00 2.942860761695895278e+00 2.584915606660203924e+00 2.913644269285956767e+00
0.000000000000000000e+00 0.000000000000000000e+00 1.651557801145645638e-07 1.467033002441549605e-07 1.129851450143851726e-07 1.966334903728402281e-07 1.211426624825856195e-07 9.902541457319270899e-08 7.224073357128781906e-08 5.332745899248759439e-08 3.265928172908180450e-08 2.261514297760958097e-08 1.469363477977967098e-08 9.922982600074353606e-09 7.819709477143020979e-09 0.000000000000000000e+00 1.020270438659037548e+00 7.743205691441180649e-01 5.805590286012198842e-01 2.874598063098043443e+00 1.371507303932057997e+00 2.693408041650776408e+00 2.198125821869606256e+00 2.845021555284406478e+00 3.445375143999916734e+00 3.417924374227344853e+00 2.859632853154144616e+00 2.695597008146201734e+00 2.795665509023664619e+00 2.719596227330344895e+00 3.209140260071150941e+00 4.346791419702599413e+00
0.000000000000000000e+00 0.000000000000000000e+00 7.544633550642322172e-08 1.467308949810220499e-07 1.470885979442236467e-07 1.399607717283918827e-07 1.336949920064194025e-07 8.178102208325040487e-08 6.739315481004519176e-08 5.013123441788038507e-08 3.822307818345326365e-08 2.251787409132192389e-08 1.461120261287606150e-08 9.971963916135074329e-09 7.684538900934498279e-09 0.000000000000000000e+00 4.474157534433058636e-01 4.251453933847887390e-01 4.459051023261464408e-01 2.226445477245593274e+00 1.750391616205945411e+00 2.839008632683667877e+00 2.582123255496910019e+00 3.106641850220352108e+00 2.924319087098737668e+00 3.518491952919253318e+00 3.292512625082858246e+00 2.956151206037583190e+00 2.746302711779571304e+00 2.818508535541005777e+00 2.721301040250743597e+00 2.922364298053351739e+00
0.000000000000000000e+00 0.000000000000000000e+00 1.854974222379114168e-07 1.350549284090472095e-07 1.725999273364360838e-07 1.462851355369076123e-07 1.479841423853297625e-07 1.094033252290806873e-07 7.663346391856730898e-08 4.841595990214620979e-08 2.788151493932573830e-08 2.123685944507614706e-08 1.344284503747255583e-08 9.348094442315803024e-09 7.365035397212320082e-09 0.000000000000000000e+00 8.093910836671156517e-01 6.460630262173620020e-01 6.372208702429384974e-01 1.813306795622509515e+00 2.109753247539426280e+00 3.104946042325809952e+00 2.524279120198611004e+00 2.817474566084221088e+00 3.065887395746798472e+00 2.406195141480215405e+00 2.604524314186978273e+00 2.553691504900531317e+00 2.454568221245588155e+00 2.459155304562645306e+00 2.734573589885574751e+00 3.416446942723955438e+00
0.000000000000000000e+00 0.000000000000000000e+00 1.489915233796536981e-07 8.628700526362262197e-08 1.043813330849461322e-07 1.124585051342149835e-07 1.207727167401474158e-07 8.596880829013665586e-08 7.164458834377997331e-08 5.385469049625359025e-08 3.376732370871453916e-08 2.336006158604288741e-08 1.386522059598362082e-08 1.004747188477177411e-08 7.372662648981935955e-09 0.000000000000000000e+00 6.170783255818415025e-01 2.363807133110459868e-01 3.782589767537694048e-01 1.183955718908278332e+00 1.925173593070030220e+00 1.954507205390715985e+00 1.749240337662523403e+00 3.808601509879861791e+00 3.034357221009933880e+00 3.019217099985877617e+00 3.091903063296855159e+00 2.842222019231024355e+00 2.735871669470212098e+00 2.565252590867058924e+00 3.130227038274347784e+00 3.783170761144710958e+00
0.000000000000000000e+00 0.000000000000000000e+00 1.504082722892662380e-07 7.024358778695148508e-08 1.336799700185644346e-07 1.483937680809054677e-07 1.103910292389230582e-07 8.080867605504301511e-08 7.173788399008305039e-08 4.755466598501212000e-08 3.013268144390307117e-08 2.007602948514355335e-08 1.294287219127421179e-08 9.185327350995318457e-09 7.409176558162213365e-09 0.000000000000000000e+00 2.214945477006080576e-01 2.145128088617416773e-01 4.369640711609914518e-01 1.629849526781941282e+00 1.890661834333692060e+00 2.447015362158935226e+00 1.982016064274550571e+00 3.227983448639193398e+00 2.875097553846635012e+00 2.965533027295198742e+00 2.528534964396650597e+00 2.534551189992645170e+00 2.514405808297693667e+00 2.421470574144318988e+00 2.827847358143514622e+00 4.288829046649077270e+00
0.000000000000000000e+00 0.000000000000000000e+00 9.513837093859172313e-08 1.152908771922087829e-07 1.686971454509666823e-07 1.537391520793423371e-07 1.220214076256042133e-07 7.756761967619856908e-08 7.435125964337614552e-08 4.961647408115311291e-08 3.280991827422123326e-08 2.100735046463964843e-08 1.443022325744730396e-08 9.491530802601718821e-09 7.328329369518032411e-09 0.000000000000000000e+00 3.707507047032999603e-01 3.870410615723777203e-01 1.966647882233287348e+00 1.727525331589654156e+00 1.718618984863865107e+00 2.269810752742523974e+00 2.140461017312707437e+00 2.807713288167598797e+00 2.995214546525805765e+00 3.164293544696643146e+00 2.906649296523142745e+00 2.512124268679241545e+00 2.733863976449045996e+00 2.725119796433682406e+00 2.222551646515404045e+00 2.351472166364959815e+00
0.000000000000000000e+00 0.000000000000000000e+00 7.620745764324124606e-08 1.415512280325117728e-07 1.593415353739301382e-07 1.264616655255437496e-07 1.229049673997924444e-07 7.468244686871228889e-08 6.860802313878503025e-08 4.679872900264110565e-08 3.171172526557085011e-08 2.050420816921514971e-08 1.231654370983993262e-08 9.541700296122467562e-09 7.566502151455081982e-09 0.000000000000000000e+00 3.123841134429978239e-01 5.754837242009038789e-01 4.406255971745193234e-01 2.344115099684405568e+00 1.250380995000693884e+00 2.221600770533423308e+00 1.829564654871055795e+00 3.299102849098046075e+00 2.429608489477780076e+00 2.891726819987128660e+00 2.788640308187927186e+00 2.297371189128816660e+00 2.221274415886090203e+00 2.325081478185101247e+00 3.594233876249599113e+00 5.125323686574397186e+00
0.000000000000000000e+00 0.000000000000000000e+00 1.127577194857123785e-07 2.047029201455683073e-07 1.688067889830325136e-07 1.353985776385410096e-07 1.189273867247364782e-07 9.296532601922112675e-08 7.125444264953874454e-08 4.787572831245074485e-08 3.152761704006898273e-08 2.192819197676089128e-08 1.426536327621359995e-08 9.807149694715374159e-09 7.320192733458889740e-09 0.000000000000000000e+00 4.398224378760113851e-01 1.057569455716470541e+00 4.447204137663154921e-01 2.609322351566023546e+00 1.564632022026408276e+00 2.387382588733573119e+00 2.132892130108658080e+00 3.150751524539112669e+00 2.636951075776291731e+00 2.927322163433195623e+00 2.924413146945981534e+00 2.869563744321936838e+00 2.689549650201100928e+00 2.740002451377161918e+00 3.362741488622425834e+00 4.379171402034170768e+00
0.000000000000000000e+00 0.000000000000000000e+00 1.730821669905300770e-07 1.283914558794798785e-07 8.295171410052966403e-08 1.661037351522549742e-07 1.198130323765325611e-07 8.248782328453427236e-08 7.019990458037717084e-08 4.079713961298334364e-08 2.972885596161865230e-08 1.977358354117871203e-08 1.254515918533966819e-08 9.289187798955745662e-09 7.156289750145689077e-09 0.000000000000000000e+00 7.838885450389517784e-01 6.185058112458408086e-01 2.902090810591472225e-01 1.724871930913295826e+00 1.930421187134099714e+00 2.389917014046410326e+00 2.302040634341582237e+00 2.590426848684650452e+00 2.367933474568665098e+00 2.387966327503816100e+00 2.548543749298331829e+00 2.300852800645547980e+00 2.330995261887816916e+00 2.307285270288246259e+00 1.910885585816351151e+00 1.659503001693904967e+00
0.000000000000000000e+00 0.000000000000000000e+00 9.333370203769669655e-08 1.383831059648042886e-07 9.833479147620472507e-08 1.369488886952993644e-07 1.140427703299103170e-07 1.017376499967018341e-07 6.293852896692372477e-08 4.481639732815561175e-08 3.456188611281949340e-08 2.068931523095151238e-08 1.359592576441527995e-08 9.573211421012829709e-09 7.301997021806503081e-09 0.000000000000000000e+00 2.248505664585774555e-01 4.387737563064783575e-01 1.710767483741510442e-01 1.721603859729632147e+00 1.091909481694670614e+00 2.365580416985420875e+00 2.137390068695068646e+00 2.252188304595978074e+00 2.663669583633454518e+00 2.752302813848445329e+00 3.048545873682485752e+00 2.524553504209655408e+00 2.534837939247612582e+00 2.484427854816577685e+00 3.051756053943154079e+00 3.966604067046806570e+00
0.000000000000000000e+00 0.000000000000000000e+00 1.482432731726194884e-07 1.242857738680455077e-07 1.176855008828495090e-07 1.530495062502334829e-07 1.206160837253633972e-07 8.881636464371625692e-08 7.194277003258556647e-08 4.946198311195701756e-08 3.467502387358424239e-08 2.103969163689783988e-08 1.400152486903147059e-08 9.439439436509749263e-09 7.578003624589605929e-09 0.000000000000000000e+00 4.974625288098922238e-01 5.294983642686540426e-01 3.041727168222078115e-01 2.156521842778376108e+00 1.309603566440718847e+00 1.885704828007264577e+00 2.079910767550660289e+00 3.342869037256573250e+00 2.839968106386702384e+00 3.610688765417500612e+00 2.792557258981136492e+00 2.473417692539907620e+00 2.582630244855617097e+00 2.536354748501562284e+00 2.483338921062610005e+00 3.002680190772458957e+00
0.000000000000000000e+00 0.000000000000000000e+00 1.102628605451055596e-07 1.259764477414124612e-07 1.534744770379693089e-07 1.771718655856526417e-07 1.260268754969524739e-07 8.859558878013282499e-08 7.178910785692269170e-08 4.843095581528570331e-08 3.415011317242185240e-08 2.089841760870032906e-08 1.455009767912204832e-08 1.011700857063782949e-08 7.648644146252962243e-09 0.000000000000000000e+00 2.450804720361332567e-01 1.065244649969011581e+00 8.098809146615378873e-01 1.863940879771552872e+00 2.124427192462389424e+00 2.527188419464360347e+00 2.372792048749066574e+00 2.888952693400665517e+00 2.988699717098327824e+00 3.281850521118198749e+00 3.029215657606465939e+00 2.523165096772093996e+00 2.849358603028910419e+00 2.747120404946600480e+00 2.460265366936329468e+00 2.388296339132576218e+00
0.000000000000000000e+00 0.000000000000000000e+00 1.185347897808413040e-07 1.259407006981023730e-07 1.578738967885980977e-07 1.239332483712001736e-07 1.095837238098854685e-07 9.030974595492928204e-08 6.219998946924698926e-08 4.535984667520492328e-08 3.081271414594072040e-08 1.881959019456396837e-08 1.308145150531210241e-08 9.260370546490207844e-09 7.205765984701976160e-09 0.000000000000000000e+00 3.646310658984713293e-01 4.454252164332798136e-01 4.815373726685496791e-01 2.099655551861528746e+00 1.046579650338210099e+00 2.325858996409465362e+00 2.079316956639720271e+00 2.887048241370674617e+00 2.323230843436054016e+00 2.489524833569372042e+00 2.548717234887676319e+00 2.166984104575855330e+00 2.356342615980553834e+00 2.445725388634335307e+00 2.113378422733350082e+00 1.924465161272745917e+00
0.000000000000000000e+00 0.000000000000000000e+00 1.604339561214421494e-07 1.235956274838684320e-07 1.252875829924243220e-07 1.319317960103085706e-07 1.344197817011984459e-07 9.102710647065371070e-08 8.232923852652158145e-08 4.804829789878666684e-08 3.451763896877714715e-08 2.198270534517632960e-08 1.436559915022811143e-08 1.008969783449825001e-08 7.527560782108480660e-09 0.000000000000000000e+00 2.566432539599639018e-01 8.227115252783654409e-01 3.222815270948568012e-01 1.819310824506995328e+00 1.236155889502951410e+00 3.312058636015500213e+00 2.058152762382248202e+00 3.908839506111329687e+00 2.725262453326956269e+00 3.124719016673528582e+00 2.984413132232185628e+00 2.635299402211120245e+00 2.682532394768191164e+00 2.614214092928525801e+00 3.159498937174290756e+00 4.105767838129692038e+00
0.000000000000000000e+00 0.000000000000000000e+00 1.251320288223896692e-07 1.301856448929490458e-07 1.651901721369453231e-07 1.423241970684304925e-07 1.177403905352407474e-07 7.398334492798637281e-08 5.805694563468509677e-08 4.287718950508309096e-08 2.935543877408426074e-08 2.078878281435521196e-08 1.381389726051735332e-08 9.595813875879326254e-09 7.468211171881370441e-09 0.000000000000000000e+00 3.524057842957754039e-01 6.581017300582755469e-01 7.025131801160698908e-01 2.723470160000278195e+00 8.667375311436315011e-01 2.400794948203514689e+00 2.081501309885435802e+00 2.385899245770569443e+00 2.480651868281481764e+00 2.498616536685382084e+00 2.608689499851878590e+00 2.689830637828585669e+00 2.563428961123890293e+00 2.700569444058192659e+00 2.279066921852892058e+00 2.479632436744597435e+00
0.000000000000000000e+00 0.000000000000000000e+00 1.782802093373866127e-07 1.171904683768548276e-07 1.148947056394541954e-07 1.472990642801948940e-07 1.340148790073809496e-07 8.601591823914681002e-08 8.186147771024742711e-08 4.771633288307413484e-08 3.236811367592134866e-08 2.107948505718024167e-08 1.398302314385979213e-08 9.967664143839438351e-09 7.335081372336230160e-09 0.000000000000000000e+00 9.473229892860668411e-01 6.647336223492408269e-01 2.122801836348787996e-01 1.716302090291567994e+00 1.805485975038180424e+00 2.235463227278799536e+00 3.128948275069618479e+00 2.367801169262094607e+00 2.940486793215135730e+00 3.095576748008203705e+00 2.669760752444574337e+00 2.634476809343321513e+00 2.482772854875700208e+00 2.696605867686820979e+00 3.125797540579910994e+00 4.109757402538336990e+00
0.000000000000000000e+00 0.000000000000000000e+00 1.847186028299440444e-07 1.061953713827969014e-07 1.658973711222223700e-07 1.415490577679443568e-07 1.122703901319292170e-07 9.008245418056989279e-08 7.177428603057836240e-08 5.390163808601881524e-08 3.349624350610460037e-08 2.374677001572809849e-08 1.457405896711414364e-08 1.014195754554532763e-08 7.322066199117186275e-09 0.000000000000000000e+00 8.460388585785695303e-01 7.716770634776338733e-01 6.910714969755382686e-01 1.627552719889507671e+00 1.415505329228639919e+00 2.779440757098551984e+00 1.872194307321456419e+00 3.190439356622456479e+00 3.174355681448735922e+00 3.548897572971168923e+00 3.079413138797534089e+00 2.942806734179597150e+00 2.951384314312579527e+00 2.700416845118183140e+00 2.364791217973065240e+00 2.162507219464802510e+00
0.000000000000000000e+00 0.000000000000000000e+00 1.345264279841774912e-07 7.531142500747376709e-08 1.479226117267387696e-07 1.415678856348026953e-07 1.318283708203339127e-07 7.986668333865073183e-08 5.973866869144835045e-08 4.361439522675167901e-08 3.187388172782118932e-08 1.924467778668244952e-08 1.253923336003583968e-08 9.053755244435033351e-09 7.145762148101634769e-09 0.000000000000000000e+00 5.306451776205535209e-01 2.901171845410913663e-01 1.030562301043591145e+00 2.022193241229239824e+00 1.156988882320945766e+00 2.211636451998345798e+00 1.966219342948640314e+00 1.973403912247688297e+00 2.528439484717879271e+00 2.642636415610501999e+00 3.107382963949086196e+00 2.219098141329833851e+00 2.093880401093273669e+00 2.240393761685559149e+00 2.512990616859890558e+00 3.283744290889259787e+00
0.000000000000000000e+00 0.000000000000000000e+00 1.612113275169071716e-07 1.234929791772222247e-07 1.197391312776961086e-07 1.570255211217146927e-07 1.488125008433157530e-07 8.358398003647901851e-08 7.865151777844567528e-08 5.053921663734289638e-08 3.489955549400291120e-08 2.039751709071612350e-08 1.441594527479717219e-08 1.001212292868734996e-08 7.592663984041597512e-09 0.000000000000000000e+00 5.407769294622779555e-01 6.732670980497188484e-01 5.154598497319182737e-01 1.563154376140354795e+00 1.728470828047365959e+00 3.302376007611290021e+00 2.093033527315366626e+00 3.413576820972338055e+00 3.327938290839301150e+00 2.951470435200833631e+00 3.038798011696875356e+00 2.669474064708317051e+00 2.864248410757810781e+00 2.872229762150398713e+00 2.933089476066936818e+00 3.565308593802879678e+00
0.000000000000000000e+00 0.000000000000000000e+00 1.142044768186903920e-07 1.102059722443698973e-07 1.309030465640504883e-07 1.456543424156435522e-07 1.363497386424176889e-07 8.519258080487968995e-08 7.931045359646212781e-08 4.949803982079184019e-08 3.444492590350473408e-08 2.241241530650378117e-08 1.473617702827216537e-08 9.730380931741877206e-09 7.705107354685292089e-09 0.000000000000000000e+00 4.303523974975694832e-01 7.557383250045893730e-01 2.997053703674213976e-01 2.070438121369609696e+00 2.444724525327749198e+00 2.187795731308285418e+00 2.736700482420324043e+00 3.087229325253249446e+00 2.662306755718042428e+00 2.807013207032882818e+00 3.107647444239320933e+00 2.817270787269591015e+00 2.504134503916957577e+00 2.831722000590019661e+00 3.182220302946392909e+00 4.310724394804304360e+00
0.000000000000000000e+00 0.000000000000000000e+00 6.559359870587786707e-08 1.482145538458456987e-07 1.352197008941484265e-07 1.584959520298299889e-07 1.455446148696639206e-07 9.106341917447484826e-08 7.074035674438529046e-08 5.204454028731186786e-08 3.632877132278802730e-08 2.098099335097053575e-08 1.466538967734358203e-08 9.704300727305796463e-09 7.637597596518819731e-09 0.000000000000000000e+00 4.166563450608865571e-01 8.554786932114504250e-01 9.734213795143084047e-01 3.318548540742355613e+00 7.787322110404153452e-01 2.226830267342196912e+00 2.403810655063316926e+00 3.592502469480295169e+00 3.094966994404708238e+00 3.064067853448993795e+00 3.123637638652326576e+00 2.480347039791656716e+00 2.742713406268202370e+00 2.628298395900447115e+00 2.786127897208349857e+00 3.347157430915237430e+00
0.000000000000000000e+00 0.000000000000000000e+00 1.872462209146772750e-07 1.097928542981530652e-07 9.627735368474717104e-08 1.160467756017903842e-07 1.440913056209304830e-07 9.721650199843948375e-08 7.394958558216663188e-08 4.837295644344971154e-08 3.160398776104999962e-08 2.039796706816892818e-08 1.412341138015809498e-08 9.379358351102061058e-09 7.380791095599185363e-09 0.000000000000000000e+00 9.084511333536035016e-01 4.417605033317011376e-01 2.771349657247673681e-01 1.206572087811498939e+00 1.284687027793670611e+00 2.883170892086535098e+00 2.684943626651481896e+00 2.840225252737980544e+00 3.020123644837583665e+00 2.841214603142204087e+00 2.624081218260778225e+00 2.421032670763197281e+00 2.672775887832941066e+00 2.554741615686982659e+00 2.087244453432244740e+00 1.657959670288162046e+00
0.000000000000000000e+00 0.000000000000000000e+00 1.401276215085480705e-07 1.683957901532430837e-07 1.192952033800893648e-07 1.557675989378373076e-07 9.310589919135095420e-08 7.231522990147706815e-08 6.238824493256626899e-08 4.096945256761324177e-08 2.731507320017921720e-08 1.822350546732958962e-08 1.263331073227388541e-08 8.639569567491623311e-09 6.898487085792878228e-09 0.000000000000000000e+00 8.983376723699606492e-01 8.946740159383347324e-01 7.520213222989552415e-01 1.781813061074242199e+00 1.833267726905316142e+00 1.212118648098850615e+00 1.775124397384297170e+00 2.712133131260582530e+00 2.679027243483602660e+00 2.037271158688903849e+00 2.110741858721590258e+00 2.157150784349548100e+00 2.203392324233419686e+00 2.196062815268185808e+00 1.920223429937671700e+00 1.820396446759481535e+00
0.000000000000000000e+00 0.000000000000000000e+00 1.672224216418783699e-07 5.669818364639975828e-08 1.262876066564886497e-07 1.276990735618382089e-07 1.209777283035073426e-07 7.553989087761915954e-08 5.292034947817211047e-08 4.986584293216351111e-08 2.685301852184220030e-08 1.920734618743017239e-08 1.383280307640354868e-08 9.325471271826645708e-09 7.052217891981388096e-09 0.000000000000000000e+00 2.739321267978968577e-01 4.052254932707834989e-01 3.805811771305999125e-01 1.683522804143275708e+00 1.332743228647942146e+00 2.268688611917216491e+00 1.612810769984307724e+00 2.188762204657013655e+00 2.576473620139028586e+00 2.337678349179998172e+00 2.312596026271555694e+00 2.257257972774827870e+00 2.424094906935613913e+00 2.409734635370390343e+00 3.031903934718733762e+00 4.373460959109917390e+00
0.000000000000000000e+00 0.000000000000000000e+00 9.803112486869537743e-08 1.695007992995760078e-07 9.056428055885789878e-08 1.342887129742869485e-07 1.054858819364566780e-07 1.009255147251404432e-07 7.962806271004162376e-08 5.822376664323790934e-08 4.097214286029023394e-08 2.305115611893500551e-08 1.391250846487103143e-08 1.001120782322598703e-08 7.676797136750611918e-09 0.000000000000000000e+00 5.607524410926083558e-01 6.817304325678281707e-01 2.287714123791546039e-01 1.308778297020075643e+00 8.078857759111419679e-01 2.456854546732621714e+00 2.664232118166462548e+00 3.155003791582003725e+00 3.869394608618479392e+00 3.637346872040380763e+00 3.648385101096476291e+00 3.197245021202305360e+00 2.514204378638160264e+00 2.530700049977284039e+00 2.445265208348444741e+00 2.440241222792820519e+00
0.000000000000000000e+00 0.000000000000000000e+00 1.119335755320321626e-07 1.981037999325816044e-07 1.534928717716983848e-07 1.267816971662027826e-07 1.034997699732251229e-07 8.659794570391253436e-08 8.088659824971568820e-08 5.188746790033673723e-08 3.674822144543765343e-08 2.068980552445744225e-08 1.411954027266741882e-08 1.033171727035053020e-08 7.567245504816985086e-09 0.000000000000000000e+00 4.708795114873443599e-01 7.687382436737013602e-01 6.227331511143565645e-01 1.628230165127937834e+00 1.328388112017980571e+00 1.632509146540950029e+00 2.418109813087246707e+00 3.203208653809467510e+00 3.493404333224082503e+00 3.170974582480430293e+00 3.378003515776252463e+00 2.528389737235815282e+00 2.414871873346048581e+00 2.674237969196441966e+00 3.042484354890512499e+00 3.474297256284601954e+00
0.000000000000000000e+00 0.000000000000000000e+00 1.434626707350750303e-07 1.203085336089609393e-07 1.628481253448883973e-07 1.741007380151414361e-07 1.308602688424570780e-07 1.067582094882591848e-07 6.726274728965292877e-08 5.495545423974461291e-08 3.486017511274589739e-08 2.279164664187189225e-08 1.548714913871810550e-08 1.002612886610867121e-08 7.422255417081142907e-09 0.000000000000000000e+00 7.419669788502230023e-01 5.491555345205607619e-01 6.474083728919562963e-01 2.789340664240814505e+00 1.384612585199239465e+00 2.873867099438587758e+00 2.770108969029541957e+00 2.773877194406587421e+00 2.663411573503522867e+00 3.418259947156629064e+00 3.244797891289769698e+00 2.779882924759428331e+00 3.054598593370071669e+00 2.728846518841553159e+00 3.230241079315368413e+00 4.151435115103728535e+00
0.000000000000000000e+00 0.000000000000000000e+00 5.004244532314749507e-08 1.404641440008015836e-07 1.524937221117511342e-07 1.697786590615815799e-07 1.186986366534373065e-07 1.062051352400108922e-07 6.806831164137645884e-08 4.699292713198639029e-08 3.207695989911618937e-08 2.124215689846853261e-08 1.453662180475387972e-08 1.009950160139939047e-08 7.428353105994017538e-09 0.000000000000000000e+00 1.790518637763926224e-01 8.928483196090615248e-01 3.272805515931185849e-01 2.131047084149218840e+00 1.286507524624718846e+00 2.344147071522189041e+00 2.228464591135383976e+00 2.699436087736589052e+00 3.024842320428093423e+00 2.810398150199254985e+00 2.841626579711823641e+00 2.859077622386270612e+00 2.691521927909512613e+00 2.615677585239929215e+00 2.376310847916384361e+00 2.277512574828906455e+00
0.000000000000000000e+00 0.000000000000000000e+00 2.099993658393704495e-07 1.429918163039305970e-07 1.187837366672861984e-07 2.310848280628382963e-07 1.075385603797613321e-07 1.006498849028417717e-07 8.860437528906594222e-08 5.026123099520578696e-08 3.580386249950525173e-08 2.555457504331517022e-08 1.601390344596057944e-08 1.088813647995007183e-08 7.900601768311317417e-09 0.000000000000000000e+00 1.160031907595317824e+00 4.441841382126585636e-01 7.916393323275876526e-01 2.454212858688935128e+00 1.821623483584652758e+00 3.171966991702471539e+00 2.501998734865054530e+00 3.640042167566547082e+00 3.948457647656730352e+00 3.384236614149979339e+00 3.358184843296953659e+00 3.413308774746214080e+00 3.209001758858365694e+00 3.209149708189902750e+00 3.372465606363038493e+00 4.257158340553139908e+00
0.000000000000000000e+00 0.000000000000000000e+00 1.583068460187718779e-07 1.703799567457450322e-07 1.113143296628658449e-07 1.556848990564610573e-07 1.059360330988589792e-07 9.529618414107720284e-08 6.297039452579015717e-08 4.891110908086325633e-08 3.380604380517557893e-08 2.154353089506971096e-08 1.387436532874824662e-08 9.365456471324589369e-09 7.370311499249977162e-09 0.000000000000000000e+00 8.251413279036328152e-01 5.849627925805617190e-01 6.986658162173753350e-01 1.710846722042754120e+00 1.230853086401242136e+00 2.306205168052324783e+00 2.020016778617157449e+00 3.444134387407659315e+00 2.643147981751014619e+00 3.113129823269263685e+00 2.780583724370774057e+00 2.797080315028633191e+00 2.552285792096942618e+00 2.496965084578156802e+00 2.683648401654247451e+00 3.312816430648696464e+00
0.000000000000000000e+00 0.000000000000000000e+00 1.385475138778647988e-07 1.951010797179401397e-07 2.030416223358697439e-07 1.388972942366207820e-07 1.529990494606320526e-07 8.564802863457861747e-08 7.891132405607153802e-08 5.022377322479151693e-08 3.297244777003772441e-08 2.214357905202332210e-08 1.497243812505509795e-08 1.012138231490698863e-08 7.697460343109835015e-09 0.000000000000000000e+00 5.686464036826881507e-01 1.291355735825491013e+00 7.622702361073401267e-01 3.181889844464032002e+00 1.575125995766651688e+00 3.614664469124404977e+00 2.240576623310297499e+00 3.369946382642071914e+00 3.330687097448737255e+00 2.751427230148037584e+00 3.098995373147698906e+00 3.144541263313477497e+00 2.857768677648264699e+00 2.644035160619927716e+00 2.816832286791726148e+00 3.133790985135136431e+00
0.000000000000000000e+00 0.000000000000000000e+00 1.106668743164640033e-07 7.415643533793187632e-08 1.405699557717914767e-07 1.474719775031124852e-07 1.212662624617878768e-07 1.040868263940929330e-07 7.523600089593962329e-08 5.336100605586657992e-08 3.536518633128660867e-08 2.367618068858268681e-08 1.553635089584455427e-08 1.038248850274505524e-08 7.515384259379469482e-09 0.000000000000000000e+00 3.493851673251955892e-01 2.360168264473553046e-01 3.513710927497281644e-01 2.111288765235195264e+00 2.843688438077621949e+00 2.219913132322708815e+00 2.733258436191058127e+00 3.748243528409966441e+00 3.367242223449927963e+00 3.307082177696005765e+00 3.314686827578737560e+00 3.003753740275672435e+00 2.971370558264750272e+00 2.862822769689079561e+00 3.656933606693348882e+00 4.698197183319797965e+00
0.000000000000000000e+00 0.000000000000000000e+00 1.868210553244312908e-07 2.554097807343331802e-07 1.235609432218622634e-07 1.311325104543534059e-07 1.108041331834392355e-07 8.063881547391526708e-08 6.280095228465163463e-08 4.758707552887506578e-08 3.024770565699818976e-08 2.005025460264050872e-08 1.398439513617303988e-08 1.000577097011226397e-08 7.530068812720466863e-09 0.000000000000000000e+00 9.635408775183691432e-01 9.690808431212240004e-01 4.387569576902723978e-01 1.787842708247270762e+00 1.576293426634309824e+00 2.366825534669156017e+00 1.732189829153560012e+00 2.669247058232533387e+00 2.287757190081134429e+00 2.820635112249516130e+00 2.496736285119512733e+00 2.312749398833045422e+00 2.748922715159232588e+00 2.764365723971767608e+00 2.143481589557828748e+00 1.963104903669564028e+00
0.000000000000000000e+00 0.000000000000000000e+00 1.400031425390938532e-07 2.386546046260205659e-07 1.840710378982687886e-07 1.662777782113550661e-07 1.013617383223353909e-07 7.501561652806603969e-08 7.308307560711846254e-08 4.838063774743011304e-08 3.398501612212814324e-08 2.162168771248401961e-08 1.581834333681036280e-08 1.032640939222234571e-08 7.646649615914018342e-09 0.000000000000000000e+00 6.106464228121812887e-01 1.260505905762471679e+00 8.492930875105596522e-01 2.183777307800136125e+00 1.320125623374951873e+00 1.446730396509916527e+00 1.970040737240397188e+00 3.334643253859500334e+00 2.904308312661517455e+00 2.853416931868310691e+00 3.286256874621698021e+00 2.686781558585783269e+00 3.182722501620371514e+00 2.854930876795651606e+00 2.825943344650617028e+00 3.022004822497151633e+00
0.000000000000000000e+00 0.000000000000000000e+00 9.549644111539585971e-08 1.873168240535209208e-07 1.554793177759155024e-07 1.802462617652577448e-07 1.246238743761514080e-07 9.665687395225526351e-08 7.618784200374735610e-08 5.328500454868094899e-08 3.671374561408229204e-08 2.370930085548594275e-08 1.550685745249049148e-08 1.027389774864560214e-08 7.868129057871297172e-09 0.000000000000000000e+00 4.183236434290617534e-01 8.000195083952984509e-01 8.799264004922683347e-01 2.659956767403989453e+00 1.620128633847625732e+00 2.351046998127897414e+00 2.393030303988453511e+00 3.006244024856349562e+00 3.772823518189119874e+00 3.324956556339073277e+00 3.503342579736276718e+00 3.018170049636092145e+00 2.991980130516832759e+00 2.936464707348235059e+00 3.055922786433192151e+00 3.914744068837721525e+00
0.000000000000000000e+00 0.000000000000000000e+00 1.347797726858915068e-07 5.467602551314786301e-08 1.275972993336213437e-07 1.496939435000826358e-07 1.196517310962917066e-07 9.211024050293876212e-08 6.765626824824337355e-08 5.260633247181950813e-08 3.153748197041388152e-08 2.077590465617026487e-08 1.376034878780573399e-08 9.850881174641239947e-09 7.682110856369631845e-09 0.000000000000000000e+00 4.169637763608869951e-01 1.977042046669327258e-01 3.212287435514057932e-01 1.689793859160322098e+00 1.557054565340768137e+00 2.886679422676494688e+00 2.576503043543931337e+00 2.624832292134528622e+00 3.461120772213052810e+00 2.921131767105044741e+00 2.753386043798792038e+00 2.563062645787456795e+00 2.566082487007601109e+00 2.629967123876896018e+00 2.743201485535639694e+00 3.109831948247740563e+00
0.000000000000000000e+00 0.000000000000000000e+00 6.908638931053067827e-08 1.386589188552668136e-07 1.629595914276439825e-07 1.483611367947632103e-07 1.212714618277906938e-07 8.697003777710154229e-08 6.744372204771303737e-08 4.553691278488528408e-08 3.273983908733116049e-08 2.098778169237819633e-08 1.425692603223662255e-08 9.798602471383170161e-09 7.516101537883383327e-09 0.000000000000000000e+00 5.134944389193745184e-01 9.441229758565843344e-01 4.125064247756267122e-01 2.568862244279036311e+00 1.603742955553455030e+00 2.417760652029177670e+00 2.755176879911357624e+00 2.961868838607465637e+00 3.108883238435623753e+00 2.657955322680538135e+00 2.893695184369475371e+00 2.434588085403283308e+00 2.712050727143915818e+00 2.696235536520357634e+00 2.992468523576563122e+00 3.568652354960307527e+00
0.000000000000000000e+00 0.000000000000000000e+00 1.325553650393064964e-07 1.906138614899905216e-07 1.338756613550281837e-07 2.003518258960837982e-07 1.518181937182928615e-07 1.024920022227876475e-07 6.765665547594188464e-08 5.196205676244099468e-08 3.331612080054248239e-08 2.068663854212565910e-08 1.411865772015125029e-08 9.533313398660130240e-09 7.323846984779389489e-09 0.000000000000000000e+00 4.004777026918239780e-01 1.119667786885421457e+00 4.380962386460537372e-01 2.538119157975770257e+00 1.966671589941552778e+00 2.482539495763234960e+00 3.062228824856471743e+00 2.982330995446935695e+00 2.955240074813795470e+00 3.045841253865044784e+00 2.938354800052025873e+00 2.681248915826751400e+00 2.471597660729811352e+00 2.565749815904183162e+00 2.529876993616810843e+00 2.814769811471928396e+00
0.000000000000000000e+00 0.000000000000000000e+00 7.147643188727646130e-08 9.092776078421732296e-08 1.168963400573295780e-07 1.369320922412707584e-07 1.063693553436723506e-07 7.322501921570722188e-08 5.457535463542651232e-08 3.845462380887412440e-08 2.603464193084903708e-08 1.688929230171377472e-08 1.136418044289296228e-08 8.646753015009407563e-09 6.883680928963248382e-09 0.000000000000000000e+00 1.430187742514285321e-01 5.231637017142392043e-01 3.296084929311328127e-01 1.382110538780155329e+00 1.603184349516296958e+00 2.293444017799807000e+00 1.300691321130901468e+00 2.079895021597629512e+00 2.040758324994886408e+00 1.939497141068989183e+00 1.938202786383141030e+00 1.871542828329781472e+00 1.883190105131013370e+00 2.118265088878584557e+00 2.220420958918812193e+00 2.812954646203303266e+00
0.000000000000000000e+00 0.000000000000000000e+00 2.436872735931727141e-07 1.073563230520614828e-07 1.899675318070767522e-07 1.638507452911479126e-07 8.877875129839996689e-08 1.075422178140183202e-07 7.686536191663163912e-08 5.498450730866166210e-08 3.674587873036538637e-08 2.333510928466198060e-08 1.549623791333254012e-08 1.048659904934356628e-08 8.025777397671463795e-09 0.000000000000000000e+00 1.221945160525721663e+00 5.284440995796584328e-01 1.649326586081140134e+00 1.464690913436805131e+00 1.065312681598310274e+00 1.982304737836734443e+00 3.453724464244660286e+00 3.369823578263866803e+00 3.302951967011684697e+00 3.213118550949482621e+00 3.318355391341456517e+00 3.233445545945366373e+00 2.892392259490549122e+00 3.020674848501392340e+00 3.003476019202806047e+00 3.163514953535327745e+00
0.000000000000000000e+00 0.000000000000000000e+00 1.749099614403155060e-07 1.385452477984336346e-07 1.261027336469510714e-07 1.629251121167148080e-07 1.241638985674099541e-07 9.843270174013513212e-08 6.778484917276143814e-08 5.206145825418961697e-08 3.569171073276637604e-08 2.156187036762701931e-08 1.481370196251914989e-08 1.026530662936647981e-08 7.678159964445875465e-09 0.000000000000000000e+00 5.084042257178256197e-01 9.221738074092812321e-01 1.844133396785046508e-01 3.112891221754206406e+00 1.526667230491340899e+00 2.269971750800166443e+00 2.311068830709146482e+00 3.057346989135690141e+00 3.602865915991960044e+00 2.868937622659988307e+00 3.475026378804601190e+00 2.701632292888619169e+00 2.799866188346812113e+00 2.862527554934563678e+00 2.747039252611594762e+00 2.943441329512477278e+00
0.000000000000000000e+00 0.000000000000000000e+00 1.281927279738674796e-07 1.008487700927991477e-07 1.521921851757625923e-07 1.446569935451493169e-07 1.526536615264192765e-07 1.160546676714606849e-07 6.798531312203818447e-08 5.121096466401624850e-08 3.573397245289254758e-08 2.399094362025455105e-08 1.543598243974498724e-08 1.001715497686393304e-08 7.547338313195277767e-09 0.000000000000000000e+00 5.771519399853174415e-01 4.178598003490844870e-01 4.070529835789903350e-01 2.031330166998841058e+00 1.700486522124915467e+00 3.196071367577786315e+00 2.787583072499974612e+00 3.683357036897323411e+00 3.325381341861942897e+00 3.028951670062803636e+00 3.420714053968906487e+00 3.397550227334069639e+00 3.077717185071143557e+00 2.746614734896776433e+00 2.952028845134545776e+00 3.678720160654783022e+00
0.000000000000000000e+00 0.000000000000000000e+00 7.533308839573858919e-08 6.271245906840726432e-08 1.354131239397225641e-07 2.095663839562197806e-07 1.154993462929732565e-07 9.242240551658926657e-08 7.152338167257275109e-08 4.896663144251350606e-08 3.254739037660278502e-08 2.367143723294430199e-08 1.518542783154924167e-08 9.962810186133348019e-09 7.722261932677244377e-09 0.000000000000000000e+00 2.495435621495805667e-01 1.987949921115437224e-01 7.147903438160978506e-01 2.360759142329606597e+00 2.481178438682756227e+00 2.057834228659079834e+00 2.487850505494775710e+00 2.454962744106268246e+00 2.993658539991844503e+00 3.042496524184121753e+00 3.228549238564333734e+00 2.928796545660626638e+00 2.932623765829446949e+00 2.923813278495930312e+00 3.130451890155758310e+00 3.960145182139874098e+00
0.000000000000000000e+00 0.000000000000000000e+00 1.817176611190745161e-07 1.487726010112675632e-07 1.477774933471381913e-07 1.258781592421645805e-07 1.365030241494886320e-07 9.984728198930088652e-08 8.856815739852024329e-08 5.457914273691142545e-08 3.723761653574249826e-08 2.298868336801447411e-08 1.464109106274686510e-08 1.041001816154133699e-08 7.458286823916041555e-09 0.000000000000000000e+00 8.853064309041910329e-01 9.344787190477064076e-01 8.466072299550276847e-01 2.001289597013531818e+00 1.894655490499837835e+00 3.120161946121675633e+00 2.635292768439174704e+00 4.022869269538142944e+00 3.553389736794427822e+00 3.191821838837599845e+00 3.565998581697719771e+00 2.929055890090574099e+00 2.891112708533334796e+00 2.884667692242461001e+00 2.989300484431809402e+00 3.505771567926904364e+00
0.000000000000000000e+00 0.000000000000000000e+00 1.593377595897232040e-07 9.186785220827947742e-08 1.242605182929472203e-07 1.490862109998038194e-07 1.338617901169768551e-07 8.818011628400032368e-08 5.957366939924197015e-08 5.080841321715456134e-08 3.429798205418536735e-08 2.001522215212494897e-08 1.354216818309386802e-08 9.688340629680801941e-09 7.588681848051574071e-09 0.000000000000000000e+00 5.721221676115428867e-01 3.088246129780112259e-01 1.387776891204587915e-01 1.790162355228039459e+00 2.069979778929674552e+00 2.003238767578744195e+00 1.871727929147108727e+00 2.561320511833270697e+00 2.737804877091312594e+00 3.123998102039563740e+00 3.148187036638826264e+00 2.416647186564724770e+00 2.298727931186518969e+00 2.619560967708914223e+00 2.328018313950419582e+00 2.263025173655527134e+00
0.000000000000000000e+00 0.000000000000000000e+00 1.213970453461568912e-07 9.559895282903097508e-08 5.931128821524471046e-08 1.738005509046581251e-07 1.004120508888593371e-07 8.662535314976543708e-08 6.910593837746960232e-08 5.271186116189943022e-08 3.838391021698503814e-08 2.480614712908617453e-08 1.537629853112157771e-08 1.016264422879079429e-08 7.833280081962677917e-09 0.000000000000000000e+00 3.533704382420187473e-01 2.460460098754927161e-01 2.071208206404477059e-01 1.712318167521471590e+00 1.565644042583749451e+00 2.247814299950034567e+00 2.190354270314383900e+00 3.076758401114406460e+00 3.890574017232453663e+00 3.449218740745784828e+00 3.902437930252896425e+00 3.059319023913526614e+00 3.079628241476136452e+00 2.920198423621938488e+00 2.970491646066913294e+00 3.202778617938619732e+00
0.000000000000000000e+00 0.000000000000000000e+00 1.270431260339105027e-07 2.943602210747957665e-07 1.664675859054761912e-07 1.264494728832207502e-07 1.099940763534866184e-07 1.141910789187516223e-07 7.978670482374937139e-08 5.929503012627147520e-08 3.545979220582686983e-08 2.239798127266891903e-08 1.510700306246513143e-08 9.676833063197670097e-09 7.644401748497573996e-09 0.000000000000000000e+00 6.219894778305004035e-01 1.140386370682209938e+00 6.328860680348997736e-01 1.318661328828440560e+00 1.148254019308469598e+00 2.664713052972810026e+00 3.780122401055723280e+00 3.907461869333241022e+00 3.486487375339097472e+00 3.326407995697484132e+00 3.032413693555871426e+00 2.901429100442951992e+00 2.737770087800631469e+00 2.691443451735236359e+00 2.608339556633337164e+00 3.200641664598149472e+00
0.000000000000000000e+00 0.000000000000000000e+00 1.086360193634814619e-07 8.061298097822116084e-08 1.069724124077199434e-07 1.380890934227140487e-07 9.593588260588364823e-08 1.041360134560869760e-07 6.483814466521948991e-08 4.792061663378849132e-08 3.700751462228474569e-08 2.288713460556803887e-08 1.667929387555862546e-08 1.042256994135183777e-08 8.367313920141659867e-09 0.000000000000000000e+00 5.578553686141456414e-01 3.737290584319594711e-01 3.565915653123989948e-01 2.035478828285869568e+00 1.105195660404626024e+00 2.013081043322933805e+00 2.177398699807905569e+00 3.111168838979564644e+00 2.731948751266719988e+00 2.646060266400796390e+00 3.623795697194071685e+00 3.076560204868857618e+00 3.071570627385455943e+00 3.188603038092717945e+00 3.361104201555028759e+00 4.757823987935269727e+00
0.000000000000000000e+00 0.000000000000000000e+00 7.654300431206696267e-08 1.573957406154192244e-07 2.395815970827742316e-07 1.407247720335884608e-07 1.373122617788240569e-07 1.043876275940990674e-07 8.233958269069839284e-08 5.709274425500546094e-08 3.818591840134630832e-08 2.240660724722060178e-08 1.574696801917697321e-08 1.010277215006023748e-08 7.499586165961788880e-09 0.000000000000000000e+00 5.299699213453918922e-01 7.090260363710566560e-01 1.880873460204860681e+00 2.240828106273893727e+00 1.273356586114771538e+00 3.233083867786074705e+00 3.480684803421873141e+00 3.253314643666311845e+00 4.102987860172619961e+00 3.831210475700348006e+00 3.322524093127094069e+00 3.115206165398707761e+00 2.990631508349614442e+00 3.134212921613441338e+00 3.105175159619852021e+00 3.943866882165133259e+00
0.000000000000000000e+00 0.000000000000000000e+00 1.027181020094665260e-07 1.158231383394521745e-07 1.812574901298642563e-07 1.252363378588293390e-07 1.057734123849835842e-07 8.523292494502151226e-08 6.178992137529772422e-08 4.106618261622133001e-08 2.955866790186495996e-08 2.122716407645690431e-08 1.329571879279133779e-08 9.587872651364428958e-09 7.463386174821390852e-09 0.000000000000000000e+00 2.869770254673313925e-01 8.734239024723230438e-01 3.742218277777326629e-01 2.455589834908595392e+00 1.378264550710601721e+00 1.540430495378296571e+00 2.034001863658482900e+00 2.773400424395967345e+00 2.054673095198919164e+00 2.408848745771086985e+00 2.565540199700549806e+00 2.599559129619461117e+00 2.435661474529133397e+00 2.636259420119718033e+00 2.546605762720876687e+00 2.715110917542330693e+00
0.000000000000000000e+00 0.000000000000000000e+00 5.232394578744597760e-08 1.428288371782375223e-07 1.183543855467614839e-07 1.931742807675246807e-07 1.576286762418348192e-07 9.432123555161221421e-08 8.098464026031062655e-08 6.130140288577509927e-08 3.795207712314220841e-08 2.425181311763048723e-08 1.667912338537189283e-08 1.080565273449350872e-08 7.731581817064686455e-09 0.000000000000000000e+00 2.578359664189631140e-01 7.684844972103870298e-01 7.852693507031830444e-01 2.240936247579252250e+00 1.710250497394109725e+00 2.535089315212094352e+00 2.135841339376187697e+00 3.790575905781937482e+00 3.670277729532316791e+00 3.806839934370725764e+00 3.261048407504939739e+00 3.206089289535746012e+00 3.270980644878348276e+00 3.127587629838157302e+00 2.886593222414057802e+00 3.310008531612856242e+00
0.000000000000000000e+00 0.000000000000000000e+00 1.118038954215743754e-07 1.862507014663114818e-07 1.768701105510498804e-07 1.308855341089744169e-07 1.070710614179710706e-07 7.996486326038121789e-08 5.690122323822627873e-08 5.133697291310830272e-08 3.142056458019145699e-08 2.106818481642799537e-08 1.418334860715072721e-08 9.896824470341299695e-09 7.425014458510661101e-09 0.000000000000000000e+00 5.587110175858882588e-01 9.574490103742050451e-01 7.798318585881377496e-01 1.729746471886644432e+00 1.089050432219152098e+00 1.661890228316694307e+00 2.177017973234450121e+00 2.229036290785077146e+00 2.968200135404742035e+00 2.760131642735707658e+00 2.756469257413507457e+00 2.711716401332429083e+00 2.870327668698955836e+00 2.649825415135032891e+00 2.820677558332566282e+00 3.405995742288850714e+00
0.000000000000000000e+00 0.000000000000000000e+00 1.684466716474870169e-07 1.079162170417685492e-07 1.278535934216068715e-07 1.863919490279637532e-07 1.086753906905669539e-07 8.819798551087978786e-08 6.906033287330328793e-08 4.780281477018661921e-08 3.234065570144893851e-08 2.152254388441473812e-08 1.417851967855522999e-08 1.028342376766170277e-08 7.569608155475829065e-09 0.000000000000000000e+00 8.343499019591155141e-01 3.676353471957831687e-01 5.981790441775386435e-01 2.300781149102993250e+00 2.245175950253491148e+00 1.986408581139872398e+00 2.144634755957033345e+00 2.955999414412833204e+00 2.559720888578927767e+00 2.690573899535676716e+00 3.273941304531901686e+00 2.639590011300978922e+00 2.898236150967156366e+00 2.625948408042696691e+00 2.291297131091945438e+00 1.708265497906121366e+00
0.000000000000000000e+00 0.000000000000000000e+00 5.893418115557506914e-08 9.883138412058604230e-08 1.337038183067545623e-07 1.822357553898830744e-07 1.376953740275637722e-07 7.803924067388992203e-08 7.227215157246376845e-08 5.001736926719155926e-08 3.458675191533616275e-08 2.047700041905085173e-08 1.363283594942019788e-08 9.435260805239299334e-09 7.436339153491814871e-09 0.000000000000000000e+00 2.310537524974781431e-01 3.458557157861995579e-01 8.865442460719108464e-01 1.872828535286802820e+00 2.228650314736094096e+00 2.130436549265096069e+00 2.476943229164911831e+00 3.374179105193269468e+00 2.926458196181496163e+00 2.910132096783534905e+00 2.772502066891641359e+00 2.441586908103412945e+00 2.418189408974468879e+00 2.486096628368285266e+00 2.898125434468241224e+00 3.437262561114259540e+00
0.000000000000000000e+00 0.000000000000000000e+00 1.435934190501763180e-07 1.303021306646697906e-07 2.055314118290335480e-07 1.162130007794755149e-07 1.280066168928028219e-07 8.112240140730812977e-08 6.005127861814063894e-08 4.472462615483101692e-08 3.369276173317374212e-08 2.220303589128533483e-08 1.383076985541390223e-08 9.564402947120422870e-09 7.351171765154812501e-09 0.000000000000000000e+00 5.868560566704028592e-01 8.645132728031562630e-01 4.796783745658806386e-01 2.217480715529386082e+00 9.890934302810983070e-01 2.460849708891572618e+00 2.042412342491247035e+00 2.774802054865012302e+00 2.517092596663249804e+00 2.879821226429346126e+00 2.966176574208214234e+00 2.821462250802843741e+00 2.577827376806081539e+00 2.495165488962169054e+00 2.661521415898088883e+00 3.036438097664096780e+00
0.000000000000000000e+00 0.000000000000000000e+00 1.448104178595611882e-07 9.871777248102559465e-08 1.994512427873301557e-07 1.639866006569870529e-07 9.545801397302805364e-08 9.225052518334594014e-08 7.960735652262875210e-08 5.367107554868710363e-08 3.600183233612940771e-08 2.397254547597271736e-08 1.543222730194158825e-08 1.004671781106274985e-08 7.593568226322034924e-09 0.000000000000000000e+00 6.555465110611912172e-01 5.430143145065245980e-01 1.209165286603339551e+00 2.609850306396440001e+00 1.604862419054116085e+00 1.797895389329884352e+00 2.769711877943977107e+00 3.627073817691528923e+00 3.013699065016944623e+00 3.339916627443769492e+00 3.142915340420130654e+00 3.207635976303231384e+00 2.842807139050689713e+00 2.839414664583133519e+00 3.330849878151323828e+00 4.439590230716321528e+00
0.000000000000000000e+00 0.000000000000000000e+00 1.444791882617590945e-07 2.266232437634651913e-07 1.115150919077397478e-07 1.413977641391485584e-07 9.075123941481423900e-08 8.258386067505515148e-08 7.480777762641863915e-08 4.889034181683873984e-08 3.284878455341074543e-08 2.237360543291167260e-08 1.453976315707654298e-08 9.721303862245838121e-09 7.663938631991536384e-09 0.000000000000000000e+00 7.746070184356558253e-01 7.581020524438949471e-01 7.401053697964845579e-01 1.348149227700661923e+00 1.596711219432565221e+00 2.020620078478789772e+00 2.015803210542094437e+00 3.106735454395226803e+00 2.754769325835411564e+00 3.034580384850441792e+00 2.832598607031511673e+00 2.835709957656562974e+00 2.835947318317139310e+00 2.784004575741672483e+00 2.746935881186160611e+00 3.074226532279470181e+00
0.000000000000000000e+00 0.000000000000000000e+00 5.025282991179342876e-08 1.011542971194268801e-07 1.061670958752666738e-07 1.830035536775925379e-07 1.246115556634808065e-07 8.578357759713269429e-08 6.367524387714928389e-08 3.950362219463884681e-08 2.650687509545574296e-08 1.988732663808851355e-08 1.397128239142145432e-08 9.955571669943807529e-09 7.582044764899048023e-09 0.000000000000000000e+00 9.466165321810519895e-02 4.575482332278048569e-01 2.866281846317854654e-01 2.780834423759226404e+00 1.537275169518944606e+00 2.000475388916345132e+00 2.053143118319733951e+00 2.763235996002407990e+00 2.548924820145326287e+00 1.935699544815617568e+00 2.168711542364542222e+00 2.292191778983498907e+00 2.586522752689564886e+00 2.618709053345460447e+00 2.553556540514593021e+00 2.976413603507548356e+00
0.000000000000000000e+00 0.000000000000000000e+00 1.592853341522760964e-07 1.385148620409024755e-07 5.477859279330212627e-08 1.707782294750053359e-07 1.168348851861241810e-07 6.875318414824533677e-08 5.731692645796456829e-08 4.242371177535009784e-08 2.935041650083898302e-08 1.783938633554227424e-08 1.335407626665825484e-08 9.443635318849892326e-09 7.083390226983917787e-09 0.000000000000000000e+00 4.709138114639756512e-01 5.357948475482358086e-01 1.896655740638186483e-01 1.235644171154019366e+00 1.390192730456906389e+00 2.002340451579402547e+00 1.771735974950568338e+00 2.110991123227585753e+00 2.010458283742083907e+00 2.250501199328896362e+00 2.277406337928508773e+00 2.174101642602757067e+00 2.221582225160673829e+00 2.472284231808614674e+00 2.257348934870500035e+00 2.404536589947069647e+00
0.000000000000000000e+00 0.000000000000000000e+00 1.074733219963648545e-07 2.068700150969531914e-07 9.348424213292437376e-08 1.721969628791156547e-07 1.253527457114121188e-07 8.236550986829322622e-08 5.804999734166755028e-08 4.090283155869105513e-08 2.904807627832967049e-08 1.923083052117230239e-08 1.336903117968526190e-08 9.221121423445050725e-09 7.287553338409630828e-09 0.000000000000000000e+00 7.214622339186609334e-01 5.178142698418614076e-01 2.518013913331978992e-01 1.877915865209867530e+00 2.587168661512889489e+00 1.935586969904592447e+00 2.351770426399975022e+00 2.145018522225043522e+00 2.027434111317644838e+00 2.202086057343149772e+00 2.504746446641070268e+00 2.354022680084280950e+00 2.402704487510147313e+00 2.437689569981583926e+00 2.312167268843223766e+00 2.881314872059275167e+00
0.000000000000000000e+00 0.000000000000000000e+00 1.921458952096767544e-07 1.138303551439640208e-07 1.544528863500898842e-07 1.629193059399611693e-07 9.717615702527898017e-08 7.902915856693163528e-08 6.489395336310280176e-08 5.302277426235358450e-08 2.921846953349518643e-08 1.975912392143269625e-08 1.376217324175538087e-08 9.587976818607810477e-09 7.460259799085739169e-09 0.000000000000000000e+00 1.137155039656923661e+00 3.521155637497649371e-01 9.045679765259656557e-01 1.340440623903406347e+00 1.415677092079263844e+00 1.525974170678100039e+00 2.267135705577175919e+00 2.573454021458335461e+00 2.936129900573041684e+00 2.835339059465644684e+00 2.625753774653749595e+00 2.480989513406533842e+00 2.590923528278829657e+00 2.595372299664235882e+00 2.806934492892831479e+00 3.512860218713945493e+00
0.000000000000000000e+00 0.000000000000000000e+00 1.388899339099316983e-07 1.089730342601772308e-07 1.063069783816605786e-07 1.543202165644634550e-07 1.445350217082098723e-07 7.961960947847741610e-08 6.465811205741114373e-08 4.586700121233010981e-08 3.280679052911515443e-08 2.104457876688998725e-08 1.387628354399031765e-08 9.486168070769478989e-09 7.247844506428424880e-09 0.000000000000000000e+00 7.193754271720688154e-01 5.277917391091641042e-01 4.557192725291686064e-01 2.521083710981956827e+00 2.037301417288430283e+00 2.693070709995475376e+00 1.562253420834633033e+00 2.771491286873660087e+00 2.819589649016848831e+00 2.542683530208969866e+00 2.572564378176262601e+00 2.327687116821555158e+00 2.770483040653629381e+00 2.405923809469276531e+00 2.622849887663696755e+00 3.028295322999472461e+00
0.000000000000000000e+00 0.000000000000000000e+00 1.468784287375157338e-07 1.306919782523745680e-07 1.056919950723113213e-07 1.551012834467216306e-07 1.004452057483644479e-07 1.052763050564177185e-07 8.758425239466735157e-08 5.292220245126652422e-08 3.471500039957287400e-08 2.420018305486645369e-08 1.497419443749954292e-08 1.028650499106938829e-08 7.805322621702439626e-09 0.000000000000000000e+00 3.304127462782470159e-01 4.432846625532781415e-01 4.422839936034484443e-01 2.136571773918368944e+00 1.742159689410720302e+00 2.250700328770887104e+00 2.292165306657039547e+00 3.530540193473531652e+00 3.507695204424543078e+00 3.366467024694538512e+00 3.261741519326535332e+00 3.075902511525071770e+00 2.825594726134884382e+00 2.904698417361891050e+00 2.492108670850924135e+00 2.532208960832273981e+00
0.000000000000000000e+00 0.000000000000000000e+00 1.691464457578515722e-07 1.566424890279057199e-07 1.382883067153110113e-07 1.813573634616279739e-07 1.464250239045229196e-07 9.977571901235099039e-08 8.386314096143649231e-08 5.464441743335039386e-08 4.211564291862381107e-08 2.309277962864617412e-08 1.730775585790747373e-08 1.129406797060140571e-08 7.856852774648983705e-09 0.000000000000000000e+00 8.714865520894126139e-01 6.403597256731611287e-01 5.387332137307822011e-01 3.169416830234407012e+00 2.267158672462652902e+00 3.477392151756028227e+00 2.509843841964768174e+00 3.157157515327887243e+00 3.403115032150846986e+00 3.964024426948923541e+00 4.009124109205338904e+00 3.215692408868913166e+00 3.442958015351361922e+00 3.308066001121888089e+00 2.510781960531446533e+00 2.173816474843022650e+00
0.000000000000000000e+00 0.000000000000000000e+00 1.358758288999606513e-07 1.693967739953187058e-07 1.453074185679843746e-07 1.765500796118803202e-07 1.245674922089821833e-07 9.377899783221708160e-08 6.581349585820708934e-08 4.990925663572622133e-08 3.702369613814244809e-08 2.123379061645631443e-08 1.495002652367257079e-08 9.676573002972912700e-09 7.341674647533451819e-09 0.000000000000000000e+00 1.014635788807086270e+00 9.631652303159196071e-01 4.245923417950601686e-01 2.645727418452710644e+00 1.893607928270135243e+00 2.347651375248818173e+00 2.566835327510621489e+00 2.603764105139969587e+00 3.683922241787266127e+00 2.894867797122762987e+00 3.444371029222294656e+00 2.570021553613939691e+00 2.626761755298324896e+00 2.796978050256757609e+00 2.546888087785377675e+00 2.591574994330659187e+00
0.000000000000000000e+00 0.000000000000000000e+00 7.021773662676599555e-08 8.538664577005060091e-08 1.346283392389078316e-07 1.523897191748806886e-07 9.374262777395262997e-08 9.524903536264001985e-08 6.271966159093155257e-08 4.629608087928984666e-08 3.161042929135822843e-08 2.124942396663406532e-08 1.355400094934386506e-08 9.340108072961511531e-09 7.391718154327526502e-09 0.000000000000000000e+00 2.989099182551887557e-01 2.189502734292147479e-01 7.259534934123259564e-01 1.795660635663949733e+00 1.692854873834439333e+00 2.208095155194794046e+00 2.101308091951813672e+00 2.687187317799853759e+00 3.113398158801999216e+00 3.004280167083744679e+00 2.696469609589214222e+00 2.755626436560926429e+00 2.389193030751415758e+00 2.448636196841344592e+00 2.198612087677637383e+00 2.238071112646345728e+00
0.000000000000000000e+00 0.000000000000000000e+00 1.642612260087967186e-07 9.103572821387711755e-08 1.472710782776904484e-07 1.522001259866129422e-07 1.118506267554706908e-07 8.951724254377957254e-08 7.542171212227812575e-08 4.975998806590653483e-08 3.005039714103007772e-08 2.037261707030934971e-08 1.392740802088713162e-08 9.548191462648947662e-09 7.416188634832306530e-09 0.000000000000000000e+00 6.553797057119413738e-01 2.752817567220531281e-01 3.951596563225892034e-01 2.256993568421321150e+00 1.482472820059343777e+00 2.490831034664174659e+00 2.279672107572422668e+00 3.119957742595254935e+00 3.267179421074405177e+00 2.491529894582465321e+00 2.823405570108794560e+00 2.453999410930745029e+00 2.497409795466512872e+00 2.702861758109877055e+00 2.225266130890502403e+00 2.265949693081731109e+00
0.000000000000000000e+00 0.000000000000000000e+00 2.062758337979778183e-07 7.674202667797344436e-08 1.698518276675154171e-07 1.160756887173856539e-07 7.272350491908655662e-08 7.346308275690320919e-08 5.809354017934960106e-08 3.961498295264228096e-08 3.171027506407082518e-08 1.930030220859229344e-08 1.284197721434542060e-08 9.248334694861638718e-09 7.354531154681998388e-09 0.000000000000000000e+00 5.485434234135291298e-01 2.539550724987506558e-01 9.316374484369749354e-01 1.140760825814341128e+00 1.246136967854069910e+00 1.236732024589470402e+00 1.513926115797448180e+00 2.094588353556598559e+00 2.501966082741140962e+00 2.165173344000582922e+00 2.845074741594853851e+00 2.339559565499577332e+00 2.380873220920233457e+00 2.391288362771993636e+00 2.784280351507252504e+00 3.905337436832573506e+00
0.000000000000000000e+00 0.000000000000000000e+00 1.010648121517299565e-07 1.239566736027057455e-07 1.443824343994485765e-07 1.464923584996974397e-07 1.274313237518041880e-07 9.328151092219973335e-08 7.029595926159481633e-08 4.989709244045747298e-08 3.531431107210195676e-08 2.200141534494700394e-08 1.445292362841476502e-08 1.036223918496281159e-08 7.917619515230307156e-09 0.000000000000000000e+00 5.520397519711435219e-01 9.041893128328577500e-01 3.180243934683306684e-01 2.178732396786660530e+00 1.577349837458100534e+00 2.040162471070376959e+00 2.351447478311286865e+00 2.954867275603729304e+00 3.312337148832881439e+00 3.242796692357892141e+00 3.374905937169054848e+00 2.737315815304810052e+00 2.750843043480306616e+00 2.792665970072758519e+00 2.976410696370437758e+00 3.632072200968920583e+00
0.000000000000000000e+00 0.000000000000000000e+00 1.156520175559256741e-07 1.008530981287676507e-07 1.284294151159846066e-07 1.258519886435924850e-07 1.256302544192158646e-07 8.482702984945200236e-08 6.401855182214288231e-08 4.435366139124822654e-08 3.008818102650978797e-08 1.973627157633091439e-08 1.363222420332605146e-08 9.162078285921577612e-09 7.221152360442305256e-09 0.000000000000000000e+00 6.218487535445544889e-01 6.108340092191191228e-01 6.234726752578778619e-01 2.020242987046152905e+00 1.019892432792619319e+00 2.620985153551400160e+00 2.098174367250306371e+00 2.612463502807794047e+00 2.545434352277565981e+00 2.205631394245265220e+00 2.635184378118422099e+00 2.415880070290926884e+00 2.508776316358816150e+00 2.429809457305270204e+00 2.475057055946606077e+00 2.801392612611653288e+00
0.000000000000000000e+00 0.000000000000000000e+00 1.036016575910290478e-07 4.923124327099665127e-08 1.165053511080716891e-07 1.411451837132127660e-07 9.853753666576440548e-08 8.835088936904701659e-08 7.335165179480906330e-08 5.441612596225043102e-08 3.721835813526141198e-08 2.209138138510757416e-08 1.435617792220746525e-08 1.031138010785076380e-08 7.460648314465843899e-09 0.000000000000000000e+00 3.701979325610531002e-01 1.546594662199917147e-01 7.642953630816201605e-01 1.784950887812240650e+00 1.552752667604923253e+00 2.128837476655141892e+00 2.086230667491102420e+00 3.334255462407101245e+00 2.992946243894690994e+00 3.299030050574304873e+00 2.855182398768501884e+00 2.860576799217942501e+00 2.759511817355848162e+00 2.769851000535861196e+00 3.138228672088279048e+00 3.860774999683865616e+00
0.000000000000000000e+00 0.000000000000000000e+00 1.658217119397459953e-07 1.234068569139602183e-07 1.795790608523258730e-07 1.170024188448301441e-07 1.191281042348562163e-07 1.040849402216104767e-07 7.508926171994060211e-08 4.401766941563295388e-08 3.073998925959595356e-08 2.082759190557524388e-08 1.387213738386617719e-08 9.635661797857113300e-09 7.855621211463761465e-09 0.000000000000000000e+00 7.714360923549122839e-01 6.092700985317115459e-01 6.147263395886219950e-01 2.417438335763069102e+00 1.244646737571953210e+00 3.075177557764131375e+00 2.486144321125761447e+00 3.190657797022830700e+00 2.560351219599077410e+00 2.570767349980989991e+00 2.579788143104093656e+00 2.552242404926232222e+00 2.758444165066237908e+00 2.447899689839269755e+00 2.856196278948320177e+00 3.503112292197679611e+00
0.000000000000000000e+00 0.000000000000000000e+00 1.142655718632197646e-07 1.859741360057623505e-07 1.351751733031604868e-07 1.537924603808035462e-07 1.065728006243120261e-07 8.355029936159492715e-08 6.074858197945996982e-08 5.155793687260390276e-08 3.480021037270786539e-08 2.107976478246324688e-08 1.372624779733082005e-08 9.345450779509512072e-09 7.482179578463197783e-09 0.000000000000000000e+00 3.928953106236906523e-01 8.272957340271392956e-01 5.691626473777072759e-01 1.803401627443388833e+00 1.278543909464455508e+00 1.874232360839216627e+00 2.347162819485962615e+00 2.483477098920386705e+00 3.069615004504524070e+00 3.261751725931600898e+00 2.808675227108174965e+00 2.607561130193640331e+00 2.456547870494141250e+00 2.638770578684972890e+00 2.407356721063972138e+00 2.718533447861648078e+00
0.000000000000000000e+00 0.000000000000000000e+00 1.583245813373289641e-07 1.874216387025959422e-07 1.423995503462811906e-07 1.498513352905149174e-07 1.238933451752709862e-07 1.014650068801268000e-07 7.176023040471843278e-08 4.958140817883292474e-08 3.337169243550980213e-08 2.094899917809780347e-08 1.385358185646844425e-08 9.395951878595113247e-09 7.405785031159748486e-09 0.000000000000000000e+00 5.313768765121247295e-01 7.301872507346256480e-01 8.655258766772974122e-01 2.304431161534906902e+00 1.280958232491614002e+00 2.721409341025630368e+00 2.340322749247773171e+00 2.879883130828724269e+00 3.206685054656266409e+00 2.807591427337658541e+00 2.852803680996119695e+00 2.571502341053957252e+00 2.567134966323425083e+00 2.607222570275598450e+00 2.616487865762069376e+00 3.042167550011055432e+00
