0.000000000000000000e+00 0.000000000000000000e+00 6.505968331776990573e-09 8.085756424045176425e-09 4.410498662482084723e-09 5.509069936209381174e-09 5.344518095104258216e-09 4.943813487595159051e-09 5.993025392058248157e-09 4.828388186816166223e-09 5.223488953419683144e-09 5.033902487047305480e-09 5.078724598822375462e-09 5.197534891421603776e-09 5.172931056324420890e-09 0.000000000000000000e+00 3.935078295825743082e-03 8.156306829307553505e-03 1.668892532076717700e-03 1.678039969444751131e-02 1.355943819866408696e-02 2.459195922902778636e-02 3.587124285994802014e-02 6.091815618770489438e-02 1.132048587293473380e-01 1.373099658935187928e-01 2.486832616699130583e-01 3.503442306482844049e-01 5.382207535843190893e-01 8.824528114248737509e-01 1.265306677899811216e+00 1.852762799157519735e+00
0.000000000000000000e+00 0.000000000000000000e+00 4.008409961002646345e-09 5.217447205387751529e-09 5.395283755292468609e-09 6.495216444712650708e-09 5.366355992856443448e-09 5.726911787335405511e-09 5.199683930740623513e-09 4.769885001527532533e-09 5.160447579910215618e-09 5.177798997745331201e-09 5.074018292365525469e-09 5.068483274505624822e-09 5.240953172646283996e-09 0.000000000000000000e+00 3.884124020416768186e-03 6.104733659925455636e-03 3.044953530621263924e-03 1.828176604082702369e-02 1.978510932674327344e-02 2.822765928396622076e-02 4.260534832876889527e-02 6.559689124741545363e-02 8.984385260154785502e-02 1.223816403297875166e-01 2.303038067248837917e-01 3.458107930439406341e-01 5.644976094467487604e-01 9.005429130685254080e-01 1.122112746512178294e+00 1.575879584512138054e+00
0.000000000000000000e+00 0.000000000000000000e+00 6.568403848369767809e-09 6.345771386456643929e-09 3.971103849364669511e-09 4.682015306203929123e-09 5.300875192586465436e-09 4.998861822740110312e-09 5.115689528674865672e-09 4.775737398261275338e-09 4.934745900254856911e-09 4.930802399708888168e-09 5.289257475666787825e-09 5.117031760735254834e-09 5.091142012455264293e-09 0.000000000000000000e+00 6.019991339916612796e-03 2.794481512308024697e-03 1.653618671612798506e-03 1.357546595811634851e-02 9.761812884619053277e-03 2.561666247771925836e-02 3.320176958890167646e-02 5.230901225786416253e-02 8.716335036066788500e-02 1.276011579766211379e-01 2.115990469055479273e-01 3.510214522067426346e-01 5.668642915684206640e-01 9.054523252474169226e-01 1.280241531223940354e+00 1.862368245920059451e+00
0.000000000000000000e+00 0.000000000000000000e+00 3.800640417173446535e-09 7.113555295557987731e-09 5.684403551256897043e-09 4.755393429719135199e-09 4.367632780709267380e-09 5.190251230483271836e-09 5.122017686513643313e-09 5.272576749968012308e-09 5.014607501048096922e-09 5.139458398392587334e-09 4.956486168327483621e-09 5.104011092062168849e-09 5.089008482639061675e-09 0.000000000000000000e+00 3.441023220540699503e-03 6.358901747000503257e-03 6.148409060581612288e-03 1.057258905880724929e-02 1.325362726524564362e-02 2.407720243716111180e-02 3.520877662053396168e-02 6.633916925488382577e-02 9.755535130427069046e-02 1.310370820492496036e-01 2.296729593862449348e-01 3.720917930274447727e-01 5.724119725381242585e-01 8.944836963669370311e-01 1.341269529196370103e+00 1.992365804892206826e+00
0.000000000000000000e+00 0.000000000000000000e+00 4.581446718033068317e-09 4.192898005883880919e-09 5.765259702915206898e-09 4.361466681927729871e-09 5.060703893779005097e-09 5.571985535494332203e-09 4.971700221244217629e-09 4.877768770279854538e-09 5.272844605731485227e-09 5.206771553077728004e-09 5.105692086251005685e-09 5.217221513259305654e-09 5.144521821931269216e-09 0.000000000000000000e+00 2.891212090792330460e-03 1.136578463751885268e-03 3.426168409538541369e-03 1.559189646745121061e-02 1.146316332979519306e-02 3.015346561150273816e-02 3.912489128854219900e-02 6.843610140124999075e-02 8.926796452379462399e-02 1.365900639713212850e-01 2.371861527531201330e-01 3.723006946860601962e-01 5.826417493655677848e-01 8.897296194631513222e-01 1.239758655489501482e+00 1.683972687649735178e+00
0.000000000000000000e+00 0.000000000000000000e+00 6.947377545736120202e-09 5.107623087677282734e-09 5.493803006571582199e-09 5.268969128196648973e-09 5.138554720188041044e-09 4.294227183111333393e-09 4.765639173735315126e-09 4.993275450413448595e-09 5.363921320467182830e-09 4.794161248084315774e-09 5.136743278121677471e-09 5.087347100628843506e-09 5.082382849163346576e-09 0.000000000000000000e+00 5.056536752175677142e-03 2.958651426731075031e-03 5.315480165779711171e-03 1.407651462861795807e-02 1.473295076239236612e-02 2.413950808039318913e-02 2.659849783437683371e-02 5.646821060000053322e-02 8.354015393655420119e-02 1.337362529932396848e-01 2.538923856626141284e-01 3.514753694149619911e-01 5.445858667758259886e-01 8.764815604149743811e-01 1.343472322916267281e+00 2.134522451070485438e+00
0.000000000000000000e+00 0.000000000000000000e+00 5.669074089351108210e-09 7.134630478646847361e-09 2.849491303713237604e-09 6.060178731056018871e-09 6.029926680229996925e-09 5.037299267798685263e-09 5.337668293045408390e-09 5.197495614099716370e-09 5.217797318899528392e-09 5.101109627244099085e-09 4.975149730690187060e-09 5.052583406536182871e-09 5.005550747343527019e-09 0.000000000000000000e+00 5.785861395880644888e-03 3.526117273179875476e-03 3.435110159129881047e-03 1.965686057264862813e-02 1.773830665263871620e-02 2.781227657653847010e-02 3.300859127037321372e-02 4.642270813871821750e-02 1.011390905766269277e-01 1.373922864601894445e-01 2.237287109779460548e-01 3.360982593998309009e-01 5.499009158407245357e-01 8.416226634991396116e-01 1.304984104366462283e+00 2.017942954389696730e+00
0.000000000000000000e+00 0.000000000000000000e+00 5.802521600667636115e-09 3.461511928575824205e-09 8.440911284300478377e-09 4.550129590366314780e-09 6.549086050967428007e-09 5.128654736484988722e-09 5.454728909940893133e-09 5.503508842560507761e-09 5.274772904777264653e-09 5.010706241244227871e-09 5.157131547761052072e-09 5.181681542031348865e-09 5.118692855623735367e-09 0.000000000000000000e+00 4.143675320892849061e-03 3.953743040201026550e-03 6.547729583396595318e-03 1.327132265383108509e-02 1.404648550668227344e-02 3.645810075292819918e-02 3.055096950503556966e-02 6.652039791726385709e-02 1.167218537926321409e-01 1.476597210748898659e-01 2.354242054039154264e-01 3.471096384567290416e-01 5.832136225820365727e-01 9.057365825602812226e-01 1.242830183840461178e+00 1.881328287829470369e+00
0.000000000000000000e+00 0.000000000000000000e+00 4.013717503159253912e-09 5.195414690777831387e-09 3.045246836402398359e-09 4.801940657065175293e-09 5.242485542476703806e-09 5.647064992420542475e-09 4.947680370884037093e-09 5.160653356094226065e-09 4.853619123817719608e-09 5.033012995113325788e-09 5.175707265260484370e-09 5.113395167162880445e-09 5.132376563169418610e-09 0.000000000000000000e+00 3.054330163976788810e-03 3.498123094683579237e-03 1.879968713970860171e-03 1.023288118923230093e-02 1.265670813857540031e-02 2.852803129891262612e-02 3.280860646543564546e-02 6.847494686719603207e-02 8.154098085263410123e-02 1.344990232497536853e-01 2.168577216566468235e-01 3.389765846739222210e-01 5.776565391601280464e-01 8.772325878171660651e-01 1.489514719529700049e+00 2.396539448682745377e+00
0.000000000000000000e+00 0.000000000000000000e+00 4.366293817542160074e-09 6.246940852793792387e-09 4.427721293125965834e-09 4.827757479695871567e-09 3.891054917973373292e-09 4.875476539150820203e-09 5.676193328454588973e-09 5.524307707870611962e-09 5.148795199270198775e-09 5.356787474428898880e-09 5.263594868365856309e-09 5.031436032427167993e-09 5.197430552333800846e-09 0.000000000000000000e+00 3.562386119206009498e-03 2.562915630755268140e-03 3.474604197657439088e-03 6.918974243064127463e-03 1.919434497841823392e-02 1.359661139926226538e-02 4.206086662874947146e-02 7.379159024120690580e-02 9.803361945321339976e-02 1.626668406137553036e-01 2.332541819166356056e-01 3.781611275164311059e-01 5.715003122813481218e-01 9.100267660856500296e-01 1.499343920749039993e+00 2.756721673595023070e+00
0.000000000000000000e+00 0.000000000000000000e+00 5.564117785682644832e-09 4.377178735427253081e-09 5.410819471225546300e-09 4.963465363669345522e-09 5.925010222855186499e-09 5.128482890470314948e-09 5.240674810097732197e-09 5.497515037041300770e-09 5.478432574149342002e-09 5.312735575422749506e-09 5.215525353822898174e-09 5.129512373624084244e-09 5.191038325434404837e-09 0.000000000000000000e+00 2.586965644867354926e-03 3.129535657726608550e-03 3.513245614373838172e-03 1.774252898178782858e-02 1.016197448086303759e-02 3.700697961697664573e-02 3.351341025613234492e-02 6.536684874685928792e-02 9.242325942281938433e-02 1.470739878785285448e-01 2.424912160937482963e-01 3.375331841653370635e-01 6.053593384529396548e-01 8.990425880405800152e-01 1.205836939670455799e+00 1.757570169868029719e+00
0.000000000000000000e+00 0.000000000000000000e+00 4.066115017645564142e-09 5.288696824102159932e-09 6.172159358976632781e-09 5.371899635234057120e-09 5.729184946286012595e-09 6.019828012035364659e-09 5.470237925222406205e-09 4.906761091707980537e-09 4.963014439701177009e-09 5.120240479812287655e-09 5.134278571806724395e-09 5.114546058380199734e-09 5.161197035246015972e-09 0.000000000000000000e+00 3.779123104888885889e-03 4.175508977743604480e-03 4.020118234860448406e-03 1.224817109283449744e-02 9.268389428890714751e-03 3.656356313050219270e-02 3.884157801570213564e-02 6.088414745504063669e-02 9.100117592134925049e-02 1.273777615791767126e-01 2.231988217419937082e-01 3.615016960915437005e-01 5.423618959150852126e-01 9.017120038236907664e-01 1.546973630917269471e+00 2.728400483907833518e+00
0.000000000000000000e+00 0.000000000000000000e+00 5.509390277538864443e-09 6.194711748607410154e-09 5.256182556757844257e-09 4.770669283737055727e-09 5.976895521449155714e-09 5.710560906180002483e-09 5.725448196203415274e-09 5.897127745808934734e-09 4.809999499126503458e-09 4.841839006583846058e-09 5.052708081694877096e-09 5.267165651052545121e-09 5.158412931972945907e-09 0.000000000000000000e+00 6.545962994806739377e-03 5.400524897260481488e-03 3.971306607481779258e-03 2.124534851122569096e-02 1.479961957564401853e-02 3.160486841724678697e-02 4.472449724830009077e-02 6.631494214087141348e-02 1.012415558211337274e-01 1.576960018351050152e-01 2.111122896759235756e-01 3.410626388466998504e-01 5.938737468505678185e-01 8.549823546818705600e-01 1.798810553467465878e+00 3.292965130275638419e+00
0.000000000000000000e+00 0.000000000000000000e+00 5.636317896871967280e-09 5.018413772755513037e-09 5.529356025998541825e-09 5.777105766331131894e-09 5.897878731031417125e-09 4.554011710572649736e-09 6.108128251127488058e-09 5.387528877586468829e-09 5.170369363827845540e-09 5.022029196146216429e-09 5.246578772710070326e-09 5.086561891229919760e-09 5.079480081496639249e-09 0.000000000000000000e+00 3.115164945085305715e-03 7.839491887189497729e-03 5.257073475134094523e-03 1.495730204275954114e-02 8.764215564621469917e-03 2.810903404300364034e-02 3.936600014739187470e-02 7.595005540182266091e-02 1.095056923486272815e-01 1.463511330575817115e-01 2.334077057844671788e-01 3.439732233568514319e-01 5.879037614917852483e-01 8.962368302437182521e-01 1.309263222341717325e+00 2.094690221100019123e+00
0.000000000000000000e+00 0.000000000000000000e+00 5.046932971413979498e-09 5.297123139719677520e-09 5.709005017926797176e-09 7.445785877050148245e-09 5.551924750998378729e-09 5.226479441229553436e-09 5.077701028095704694e-09 4.692667268359113265e-09 5.028791269848229763e-09 5.065143076722620886e-09 4.930936313284901961e-09 5.136318545716899584e-09 5.202512269598319479e-09 0.000000000000000000e+00 5.950856170247537449e-03 6.420963707632237547e-03 4.931653939357126190e-03 1.956533186033609234e-02 1.767884821311455773e-02 2.557826542085096452e-02 3.536893462797459364e-02 6.105931288098535858e-02 8.613244498562197538e-02 1.474395210685333635e-01 2.146265414209171107e-01 3.226239579117339273e-01 5.631537104559383167e-01 8.856683979974281362e-01 1.401677967746915554e+00 2.381872070413539433e+00
0.000000000000000000e+00 0.000000000000000000e+00 7.318729844426361876e-09 2.590660589598441623e-09 3.477371224447346504e-09 4.504486581114743427e-09 4.683823508059930369e-09 5.269475935335597589e-09 5.073740877946778165e-09 5.266650505194000614e-09 5.060728726161558205e-09 5.235270304578063721e-09 5.158318231829233620e-09 5.219026593566121853e-09 5.218214212927430500e-09 0.000000000000000000e+00 4.987655555697245724e-03 2.128086596409074858e-03 2.345336217687655177e-03 8.719713625202683491e-03 1.403337907067551439e-02 2.258818916200411309e-02 3.884987815136227429e-02 5.342620256267928414e-02 1.024601307343963874e-01 1.553354518378797233e-01 2.295545900655761307e-01 3.541130551545140781e-01 5.997681158844485605e-01 9.091392085585472405e-01 1.470544133274116261e+00 2.265878689175518268e+00
0.000000000000000000e+00 0.000000000000000000e+00 3.168950548713943498e-09 4.817125017244456276e-09 4.461529334081781165e-09 3.875338273112180124e-09 4.271589576875172540e-09 5.039345169039210037e-09 5.264349834546371787e-09 5.256577764840734985e-09 4.765880892011135516e-09 5.147159889717648064e-09 5.125738398336879790e-09 5.217263383213332391e-09 5.030030842632776374e-09 0.000000000000000000e+00 2.139627598808129666e-03 5.157487317522023093e-03 3.110302793271891870e-03 8.087213544303771540e-03 1.177623803676642288e-02 2.019072432052733748e-02 3.280562041959270841e-02 6.130876496471062559e-02 9.675585542552875284e-02 1.312430574680944761e-01 2.140567415067902712e-01 3.386854194992726108e-01 5.816063932866462061e-01 8.834659067317742753e-01 1.328366273020481270e+00 1.935124644651965653e+00
0.000000000000000000e+00 0.000000000000000000e+00 8.683135207993190998e-09 6.279800541230348540e-09 8.175233345242050022e-09 5.472262455810720710e-09 5.406101374576093303e-09 4.339129128658294992e-09 5.363068163780206137e-09 4.936228699399215849e-09 4.688420507732422723e-09 5.294865819356837635e-09 5.164083037650889070e-09 5.061503102765000609e-09 5.135042466848404771e-09 0.000000000000000000e+00 1.010356560737516590e-02 4.973456260167980272e-03 5.504759705336613462e-03 1.921977432534150917e-02 1.104564274990450616e-02 2.757999250389054843e-02 2.563853236756887671e-02 5.910486039634316180e-02 9.525084859826217498e-02 1.314691025205213804e-01 2.059039857454750266e-01 3.666449566707856156e-01 5.738094501135144743e-01 8.742677092037455244e-01 1.483930594264070812e+00 2.565655692054449766e+00
0.000000000000000000e+00 0.000000000000000000e+00 5.251092729158495381e-09 5.339268773657235159e-09 4.952758522475186806e-09 5.051558572295169687e-09 4.855848960612936137e-09 4.985626519994627137e-09 4.836109564518510767e-09 5.036554107937562301e-09 5.071668257177830797e-09 4.945734280747034340e-09 5.144933580699032717e-09 5.063472843212192050e-09 5.160319402905009132e-09 0.000000000000000000e+00 2.962135420909279074e-03 3.701853279699084814e-03 4.627777143234715340e-03 9.425618416492148252e-03 1.425535970775272318e-02 2.148541849401435291e-02 3.544754652003218043e-02 5.389671348327222666e-02 8.076743959751966906e-02 1.532836719325016972e-01 2.137117110996313296e-01 3.555029276298714569e-01 5.474900918772891423e-01 8.980032306873451109e-01 1.060535830130862722e+00 1.327830807977510297e+00
0.000000000000000000e+00 0.000000000000000000e+00 3.551356176667367863e-09 3.732606699476508595e-09 5.132951618765683904e-09 5.553611579421195486e-09 4.181487882783185519e-09 4.377824576358040620e-09 5.268472600810080832e-09 5.236618381544396121e-09 5.072970581753580100e-09 4.938958368393884964e-09 5.349756160006443527e-09 5.084547996636913965e-09 5.047357748398324738e-09 0.000000000000000000e+00 2.854187512238453260e-03 1.858081806644693457e-03 3.980322907058218146e-03 1.288754636895715275e-02 1.624894238388845460e-02 2.030099101970075232e-02 2.361468641227247242e-02 6.268417150020386130e-02 8.645018186146372074e-02 1.498089845316390445e-01 2.466735277402345439e-01 3.137585246599962074e-01 5.686634543931495811e-01 8.944501759220836457e-01 1.369791271186852510e+00 2.072664069668701980e+00
0.000000000000000000e+00 0.000000000000000000e+00 5.504120797862486364e-09 5.938185029686285686e-09 5.791193267810700684e-09 3.790850740225282208e-09 4.188033703363376758e-09 5.605032877057237594e-09 5.897865080585585585e-09 4.939138563418228510e-09 5.039214861403800930e-09 4.947473832577141974e-09 5.181350910660599073e-09 5.181663220417130169e-09 5.016112235086475622e-09 0.000000000000000000e+00 5.452867778870053653e-03 4.654049610290292641e-03 3.283377080535397445e-03 1.681452250904376389e-02 6.605365138940723704e-03 2.379117407139056187e-02 4.047535652602608086e-02 6.428211413593787338e-02 1.050524601783557055e-01 1.456028503213882552e-01 2.208669341490949178e-01 3.324561627033458255e-01 5.777086285797428111e-01 8.912297581154582371e-01 1.351483461125589258e+00 2.058383522330830218e+00
0.000000000000000000e+00 0.000000000000000000e+00 5.958097109184810694e-09 5.024610418028371884e-09 4.476985696490338566e-09 5.914313031302016276e-09 4.883508782047691569e-09 5.054970564935381377e-09 5.177768515852517672e-09 4.948772557389016279e-09 5.038586194449605783e-09 5.324570522854428849e-09 5.120253898515634707e-09 5.029206315899920467e-09 5.018004119661793135e-09 0.000000000000000000e+00 5.321619422894657316e-03 4.883086409851271001e-03 3.105097705490889905e-03 1.314031926328046961e-02 1.380579808328858196e-02 2.197648343750006200e-02 4.399603955068007860e-02 5.996522882264258142e-02 8.686616405625957604e-02 1.493319603970935383e-01 2.282050381664521566e-01 3.637577860717296496e-01 5.724016986009038410e-01 8.396802554506963556e-01 1.320835532538873647e+00 1.888886600522438952e+00
0.000000000000000000e+00 0.000000000000000000e+00 7.121450862106850688e-09 4.467580614179797424e-09 6.069567130883900796e-09 5.246923407121311383e-09 4.618593424823490129e-09 5.217907435550460238e-09 4.861017772927965449e-09 5.371413047820907555e-09 5.063615099795588393e-09 5.246016017214544663e-09 5.126850985244683413e-09 5.080350221113966081e-09 5.117089633091770722e-09 0.000000000000000000e+00 1.003143803569910356e-02 4.251204035797826256e-03 3.414492618458650486e-03 1.519600848045178643e-02 1.260876231342789033e-02 1.966642530437479400e-02 3.504799772924467594e-02 5.896297831703650738e-02 8.579053258573007823e-02 1.578090426070286600e-01 2.260785281587885664e-01 3.663773246640563142e-01 5.256653592772825290e-01 9.185727788559645557e-01 1.132158771356587268e+00 1.466607729591214992e+00
0.000000000000000000e+00 0.000000000000000000e+00 7.016974955867143635e-09 5.390457689763419172e-09 5.765712875479745754e-09 4.701795921577885544e-09 6.012780283051405999e-09 5.497823626694307702e-09 5.317347851001686547e-09 5.144029355983044384e-09 5.207183367606373526e-09 5.102195499848705598e-09 4.951949444128548635e-09 5.207722046321879487e-09 5.142353868284174090e-09 0.000000000000000000e+00 8.898648544596772514e-03 4.822320033205813698e-03 5.556863876121411958e-03 1.041796302318116416e-02 1.454188471590389664e-02 2.613879721338707024e-02 3.942642931415304974e-02 6.088789028078039900e-02 7.951697913772529103e-02 1.603181097248576326e-01 2.183928585697673397e-01 3.504140101033270671e-01 5.182636847471712160e-01 8.855894771628175510e-01 1.339638643122287087e+00 1.937256587775805228e+00
0.000000000000000000e+00 0.000000000000000000e+00 5.857361691705784156e-09 5.983240632855573703e-09 7.136101700468943083e-09 5.429522780011975156e-09 4.919206975959257659e-09 4.844558939893289463e-09 5.032851139975981320e-09 5.424407325317556976e-09 4.860219998439183797e-09 5.119399806511752994e-09 5.234363682905992571e-09 5.060372493993789399e-09 5.094322866789171901e-09 0.000000000000000000e+00 7.552018262126339483e-03 6.622811974522883546e-03 4.296138589942989985e-03 2.132176847195563565e-02 1.510904068020638494e-02 2.563388614068116619e-02 3.448023440518652866e-02 6.066695949638308688e-02 1.113664743013759451e-01 1.525240765946693500e-01 2.211434603579363056e-01 3.741392564376612162e-01 5.862175775009786927e-01 9.006962132337074101e-01 1.305148920648866007e+00 2.007937740180608888e+00
0.000000000000000000e+00 0.000000000000000000e+00 6.280172935635812152e-09 5.951868998666393500e-09 4.412378039753453001e-09 4.873060446844311197e-09 5.119156006624734324e-09 5.116975368200812371e-09 4.581402652113947671e-09 5.398202414974072371e-09 5.344979408246435770e-09 5.107165990344310598e-09 5.080540359353139658e-09 5.024401918812659584e-09 5.053864135512359057e-09 0.000000000000000000e+00 7.822108676437584257e-03 3.792999008494925273e-03 3.396331976858779460e-03 1.153370348491243244e-02 8.159869300350147681e-03 2.262090129540500136e-02 3.503753694378113070e-02 6.173405304986081393e-02 8.043679383611410105e-02 1.300643336022451746e-01 2.230228304230301717e-01 3.719903018266871308e-01 5.712017593323507336e-01 8.526609882330531409e-01 1.488495091271499593e+00 2.584640454713590607e+00
0.000000000000000000e+00 0.000000000000000000e+00 6.114305807656173706e-09 4.582711265426489296e-09 6.949905473120020555e-09 4.880447708024680258e-09 6.283980457301013502e-09 6.375640256576270947e-09 5.136591083727915866e-09 5.144140162566439800e-09 4.854075410797797376e-09 5.215892247471249890e-09 5.188663512614010130e-09 5.218901665577581462e-09 5.201896559067258709e-09 0.000000000000000000e+00 5.010701551421237014e-03 4.429932277717148030e-03 3.839129167939661462e-03 1.603219028050871520e-02 1.837747127494262361e-02 3.876363854361537797e-02 3.237405541097717471e-02 7.101088785654255386e-02 8.291039346395549792e-02 1.535705557544445043e-01 2.303527817847207670e-01 3.534861810529520421e-01 5.691250744254647831e-01 8.832797016787139466e-01 1.161989698392165815e+00 1.529183889442872424e+00
0.000000000000000000e+00 0.000000000000000000e+00 5.513211465755975708e-09 5.699168400679979877e-09 4.504689840789202469e-09 4.501249056135808286e-09 4.735329905621245639e-09 5.091894159785035822e-09 4.957184110210842491e-09 5.236637774988706438e-09 5.301456441692006913e-09 4.966494540433790305e-09 5.054080934384605451e-09 5.141949084273097221e-09 5.285686630992069819e-09 0.000000000000000000e+00 4.340230560437143351e-03 5.803360202907327688e-03 3.828935250785535458e-03 8.993530703402335957e-03 1.173543654517211418e-02 2.501984255340606797e-02 3.634986704723403711e-02 5.470976579160583692e-02 9.842052186187370821e-02 1.418816462741331330e-01 2.210144207806998273e-01 3.520439089797888221e-01 5.500492647736572316e-01 8.451994145430676841e-01 1.391223382792155849e+00 2.240162998693263408e+00
0.000000000000000000e+00 0.000000000000000000e+00 4.157974601452411781e-09 6.528462635593747211e-09 3.939046488121196382e-09 3.973845763589090372e-09 5.439016095377580009e-09 5.311491734487347580e-09 5.280639074941534658e-09 5.006766172735805752e-09 5.161851343401772916e-09 5.259288900434405069e-09 5.206439635626510930e-09 5.205603714625290077e-09 5.086414669153114638e-09 0.000000000000000000e+00 4.913764646977667773e-03 5.656906681107700362e-03 2.889794529421688130e-03 9.679436765385731820e-03 7.103598472675715439e-03 2.838333943097931522e-02 3.706057927058907520e-02 7.098531720281889279e-02 1.075619316115748736e-01 1.333520133507676841e-01 2.413054458294837112e-01 3.593573558502668464e-01 6.152693421673971486e-01 8.648739541874999048e-01 1.561667912804431513e+00 2.543992314624296647e+00
0.000000000000000000e+00 0.000000000000000000e+00 7.579786797314183176e-09 6.036922690298778530e-09 7.517207024384973658e-09 4.711293081159788533e-09 4.486344625973433449e-09 4.721471999957716646e-09 5.216701487685238254e-09 5.157890985566444189e-09 4.923502118886283755e-09 5.157128122185077262e-09 5.099947471526140426e-09 5.114139552943921059e-09 5.038575017162804756e-09 0.000000000000000000e+00 7.803700996865657949e-03 4.258870364262196465e-03 1.061334687277192164e-02 1.252142661546467618e-02 1.015593669402777358e-02 2.640901193179117160e-02 3.374379841774176325e-02 6.147490745752604013e-02 1.024453928377155459e-01 1.416953476851083027e-01 2.313125211092676436e-01 3.480127026998772743e-01 5.410237374173341163e-01 8.640041588812094053e-01 1.101085691403997480e+00 1.521079245371939281e+00
0.000000000000000000e+00 0.000000000000000000e+00 5.314115291061176934e-09 3.036608032781418420e-09 4.289372317209232863e-09 4.277430802430798474e-09 4.073098418995432076e-09 4.562866691148428530e-09 5.349868802178956154e-09 5.274213329801012889e-09 5.444215567869319597e-09 5.131118582875297016e-09 5.231408487484424153e-09 5.193228766934517832e-09 5.105465029501809525e-09 0.000000000000000000e+00 4.016856913469121597e-03 2.532101692134269312e-03 5.958760486314766680e-03 9.052130912701912557e-03 7.399076786583083480e-03 2.220733322964656836e-02 3.106386498122904946e-02 6.720509842209135276e-02 9.454237832167443345e-02 1.458427950763334091e-01 2.557946872342637956e-01 3.543338864160016088e-01 5.430810622889141737e-01 9.590994033044266676e-01 1.300175821928656550e+00 2.018954627880659825e+00
0.000000000000000000e+00 0.000000000000000000e+00 3.724065734680489565e-09 4.613802835813680451e-09 5.275119602369949543e-09 5.455560931261898285e-09 5.255252237333594126e-09 4.783995707807468596e-09 5.483486970784531593e-09 4.852748769935907894e-09 4.769477237017216142e-09 4.897698840532277029e-09 5.254372629029214478e-09 5.066670929168100783e-09 5.128161643649341433e-09 0.000000000000000000e+00 2.885274733214229087e-03 4.652957010589047968e-03 4.367704801880667800e-03 1.801754183997772776e-02 1.685367878322427751e-02 2.961380770640752863e-02 3.588888779055023071e-02 5.761144270369896597e-02 9.298173199131208599e-02 1.265423664678237137e-01 2.094750215867340337e-01 3.406042022835568672e-01 5.718392293003047300e-01 8.539327410002546248e-01 1.176029074966105981e+00 1.606645310399819948e+00
0.000000000000000000e+00 0.000000000000000000e+00 3.940399655027071113e-09 7.034106117559647522e-09 5.033561860316013342e-09 6.577450062095416540e-09 5.559852754289977068e-09 5.040225680080843943e-09 5.114179489329124901e-09 4.668823756244907950e-09 4.930574412803685945e-09 5.317052430060275231e-09 5.140762374073062513e-09 5.085883597789029900e-09 5.051707251890479594e-09 0.000000000000000000e+00 4.485058741679820091e-03 8.156501183931130772e-03 5.000728112129175160e-03 1.486818681541537956e-02 1.571471126036987770e-02 2.412997253932668701e-02 3.721077945382478963e-02 4.896546466085277549e-02 8.994771563674681947e-02 1.377127309975210712e-01 2.183633550853804339e-01 3.716696911375144685e-01 5.841681586476471510e-01 8.349166159752045013e-01 1.606085084909530947e+00 2.622075768341047386e+00
0.000000000000000000e+00 0.000000000000000000e+00 5.948564536194246579e-09 5.101535356289727430e-09 3.514038713396286795e-09 4.777935561542139923e-09 4.755884988514476697e-09 5.255184669345924676e-09 4.951048612094386147e-09 4.890670147011342343e-09 5.217234233791686956e-09 4.964156575164782332e-09 5.055566374533809515e-09 4.977847481746668453e-09 5.115830891505449832e-09 0.000000000000000000e+00 4.199327995391634663e-03 3.065271870109369592e-03 4.077379118052168634e-03 9.686759652846597610e-03 1.154124623288010042e-02 2.404070350281071328e-02 3.789963637281647257e-02 5.953279054773456813e-02 7.382646170376003236e-02 1.661163930837907809e-01 2.218739659115488705e-01 3.580429802169681208e-01 5.202586610739173834e-01 8.605580839377184876e-01 1.472802310904951728e+00 2.555392186092316997e+00
0.000000000000000000e+00 0.000000000000000000e+00 5.717005122711905502e-09 6.460706215454668415e-09 4.742394130650987618e-09 4.622337912131952956e-09 5.854911137309321375e-09 5.363322104387853893e-09 5.287018042021920341e-09 5.204415971580992520e-09 4.743220588847529812e-09 5.077689974725618464e-09 5.136952249804960347e-09 5.288615672615938657e-09 5.075591539769263842e-09 0.000000000000000000e+00 5.781523358611245951e-03 5.197101537438164262e-03 6.398866142026458752e-03 1.166094451532665929e-02 1.231261081389602510e-02 2.950164309459463174e-02 4.149294039444987453e-02 6.330480515967933097e-02 9.956965671091991266e-02 1.406777758753371133e-01 2.214866927735081870e-01 3.604809450976506069e-01 5.230567232519940379e-01 8.882025439064887840e-01 1.243878819811972125e+00 1.696598368455246142e+00
0.000000000000000000e+00 0.000000000000000000e+00 5.301378018474055275e-09 7.391157900379149500e-09 5.715981863422482488e-09 5.067643317422107742e-09 5.100214931009508952e-09 5.670576143082810166e-09 4.853291700802078186e-09 5.084713261167551327e-09 4.973175624737387770e-09 5.174973586306301938e-09 5.038275441825074400e-09 4.997229757941636614e-09 5.108126180700029057e-09 0.000000000000000000e+00 5.590837547839437420e-03 1.159053013329972535e-02 4.085873420480820584e-03 1.420253868553917644e-02 9.395441497835747488e-03 2.911270275318006417e-02 3.939507609428805762e-02 7.261443554608074114e-02 7.365481639775367517e-02 1.550772751065407074e-01 2.114749288680649042e-01 3.850902211271352016e-01 5.412966700279643328e-01 8.195581906361362190e-01 1.428228994437330091e+00 2.412340609778030220e+00
0.000000000000000000e+00 0.000000000000000000e+00 5.174355748822159945e-09 5.187217808956459717e-09 4.655614301666340393e-09 3.816852187931072130e-09 4.944676670718030598e-09 4.874323320089049798e-09 4.937302265453149349e-09 5.128124316655373032e-09 5.019229283212744626e-09 5.469959275025997642e-09 4.925184388653313214e-09 5.100012313674009340e-09 5.064831170419620261e-09 0.000000000000000000e+00 4.502171286721564150e-03 4.715542011544611271e-03 1.594872358904114110e-03 1.127321974347840657e-02 1.212533329535182662e-02 2.377493675571110826e-02 3.244849936044485322e-02 6.046580093861397831e-02 7.711229184260967595e-02 1.346402639891351449e-01 2.130474264552147390e-01 3.778982219661972120e-01 5.573862570704989361e-01 8.416357558330185284e-01 1.218460749876751237e+00 1.770758171829379446e+00
0.000000000000000000e+00 0.000000000000000000e+00 6.790794634825917717e-09 4.457667823781848028e-09 6.049475653357855675e-09 3.493204946860689743e-09 5.287176822894563287e-09 4.769333546669585571e-09 5.013459980048533673e-09 4.957750396068080804e-09 5.120880226102548491e-09 5.301596498677518210e-09 5.013497173118951619e-09 5.002848690896369414e-09 5.115727784801709536e-09 0.000000000000000000e+00 3.821797302571803591e-03 3.543122546992308330e-03 3.890884953240991619e-03 8.750169324687497724e-03 6.320488311050924575e-03 2.525558757042390551e-02 2.676377068639924223e-02 5.105096875960581787e-02 8.794100394153542277e-02 1.358419998510416449e-01 2.537339655274591932e-01 3.430393911865603496e-01 5.694629059560767370e-01 8.791211253210334808e-01 1.116285830020582015e+00 1.626435648191324246e+00
0.000000000000000000e+00 0.000000000000000000e+00 4.526774881830126659e-09 5.144117739706114391e-09 3.593696967215224972e-09 4.836030903104566184e-09 5.448724682763899879e-09 5.704337277668871498e-09 5.304886413978503210e-09 5.269579857502152066e-09 5.295344147331358300e-09 4.945134185528554136e-09 5.211844455048619773e-09 5.342125849822007646e-09 5.038058783930412597e-09 0.000000000000000000e+00 1.548664690161608145e-03 2.980758729796707026e-03 4.133879220029118215e-03 1.090668311121855208e-02 1.399407049866746230e-02 2.709363783032700534e-02 5.255249238008985468e-02 6.580258390915007249e-02 1.051878203627879954e-01 1.536297566478456722e-01 2.783175126054786008e-01 3.610109069727621134e-01 5.658802641583455806e-01 9.431665354206346663e-01 1.413125937815182143e+00 2.087337971480589527e+00
0.000000000000000000e+00 0.000000000000000000e+00 4.413234490132198366e-09 4.306851823424531574e-09 5.672873787128410454e-09 4.612083902544544528e-09 5.123926999401434719e-09 4.624795327218288871e-09 5.621753190911867253e-09 5.058805552385354852e-09 5.234181509478488803e-09 4.999755127697291435e-09 4.901773840984527595e-09 5.184050134231189370e-09 5.148923943247072901e-09 0.000000000000000000e+00 4.675372810418203587e-03 3.727141030862930922e-03 5.421171165293761120e-03 1.486456710091616992e-02 8.934896344728651338e-03 2.153451314868843475e-02 3.470824804727893481e-02 7.067463976394330882e-02 8.594424732360300689e-02 1.481565072864447219e-01 2.357793891488626503e-01 3.636648868169971016e-01 5.387984478192056059e-01 8.505412077897753775e-01 1.215123314258022003e+00 1.681868156792631464e+00
0.000000000000000000e+00 0.000000000000000000e+00 6.392082427727596289e-09 7.068845347810451071e-09 3.141622896839525529e-09 5.513154598010694269e-09 4.197210539223178714e-09 5.247336413875282575e-09 5.093080026609567701e-09 5.320024076758983499e-09 4.897453724266908935e-09 5.177351692195182244e-09 5.248234778825922146e-09 5.139596866881893288e-09 5.088606353765687154e-09 0.000000000000000000e+00 9.447333784996287190e-03 3.783334188426380144e-03 2.620599359037993712e-03 1.474933858789765663e-02 1.467034597462105530e-02 2.067036638742550392e-02 4.085725210694296505e-02 4.937330019444054890e-02 8.934503625188384979e-02 1.546024565515023430e-01 2.166246030947370227e-01 3.583005512819866789e-01 5.988524957756368172e-01 9.356371666582894431e-01 1.242498968800265446e+00 1.800585304815292886e+00
0.000000000000000000e+00 0.000000000000000000e+00 7.043718454247795447e-09 6.441347434613559976e-09 6.858271238475646626e-09 3.169211452890394163e-09 5.944126308430406310e-09 4.648977044272953092e-09 4.664460209481936518e-09 5.362478642346792477e-09 5.328100196814720501e-09 5.055290219067593712e-09 5.083105527301642521e-09 5.113134262705202847e-09 5.230709442144712249e-09 0.000000000000000000e+00 6.939116281554057360e-03 4.305816695394678109e-03 9.277608194062670136e-03 6.122542174980746821e-03 1.113549133596218772e-02 2.644513790867642974e-02 2.663263264886323728e-02 7.643493738913491320e-02 9.732881821580023629e-02 1.384556036980112981e-01 2.520066602043339321e-01 3.602076161927663112e-01 5.659574573497099248e-01 9.231884218983751333e-01 1.473250196572487569e+00 2.259091951358760397e+00
0.000000000000000000e+00 0.000000000000000000e+00 4.387306048708955321e-09 3.893975069390268616e-09 5.157959568186787619e-09 6.289809966193328767e-09 4.856567093535604417e-09 5.216629434562240378e-09 4.658883135973231707e-09 5.080082150236174500e-09 5.195679320023965761e-09 5.187825028342758378e-09 5.294797498815674631e-09 5.264533426659922435e-09 5.220199955147214711e-09 0.000000000000000000e+00 3.531553658527129737e-03 2.008376467928669855e-03 1.038168078117658599e-02 1.202519893663328565e-02 8.127796916702978783e-03 2.424223591600328451e-02 3.703457146062476280e-02 6.126062887567455123e-02 8.582752964689815967e-02 1.547568746614575164e-01 2.303987609898640321e-01 3.795787154880841952e-01 5.817153845775988597e-01 9.310683284964398343e-01 1.287470868012409841e+00 1.895569398027331598e+00
0.000000000000000000e+00 0.000000000000000000e+00 8.502351017370683694e-09 5.289986309205687566e-09 3.400559639131105227e-09 4.838822478717981234e-09 5.871442174543153952e-09 4.844862662642756462e-09 5.178669492731007380e-09 4.991352216221638415e-09 4.928682548152490002e-09 5.223460849521682330e-09 5.200422006491576068e-09 5.076132292872154299e-09 5.209156571924645440e-09 0.000000000000000000e+00 9.959623635491758956e-03 3.030286764098743570e-03 2.902819809733487785e-03 1.436810427699854696e-02 1.267517108541488767e-02 2.961768542894266387e-02 2.737576347977384653e-02 6.344185070049959685e-02 7.929143540339542162e-02 1.452960177629952776e-01 2.247741515112864907e-01 3.817902508349105273e-01 5.553228197279367340e-01 8.968600072395901401e-01 1.316669335743531732e+00 2.044734935134347786e+00
0.000000000000000000e+00 0.000000000000000000e+00 8.699885382356689189e-09 5.457005520950333182e-09 5.047375917474082424e-09 6.530012271735009530e-09 4.529493385173999844e-09 4.194073056160805958e-09 4.893482266528652105e-09 5.058154050317573663e-09 4.865878121067758704e-09 5.105139956089625084e-09 5.232810953706932718e-09 5.251376979388944212e-09 5.267459403691861075e-09 0.000000000000000000e+00 6.751967408517777977e-03 5.282340584515471567e-03 4.748819850318030875e-03 1.447822472908998070e-02 1.011191525545400774e-02 1.871755579850752776e-02 2.832881616745495587e-02 6.183337225783996915e-02 8.729666938976785029e-02 1.294519691179925047e-01 2.278071712923165626e-01 3.530247920314660282e-01 5.626018997832658020e-01 9.098986320305284536e-01 1.839179125039150930e+00 3.217364884131372893e+00
0.000000000000000000e+00 0.000000000000000000e+00 7.236729751161151076e-09 5.599019529426929418e-09 5.455960896391459447e-09 6.226906297709706472e-09 5.771798606524518429e-09 5.390670213220735106e-09 5.576941113416341293e-09 5.403694094481883969e-09 4.970261077909162047e-09 5.118961493143184265e-09 5.053797026214158393e-09 5.099865634155722994e-09 5.023530162815878120e-09 0.000000000000000000e+00 6.725402845214137511e-03 6.335306831453457917e-03 5.891825274639429962e-03 1.678540447711642999e-02 1.701091641053875669e-02 2.541514971824544375e-02 4.225395350181070098e-02 6.173490675049232712e-02 1.036958749446057204e-01 1.561232798956135315e-01 2.336059718415866571e-01 3.677520320295101230e-01 5.242280274203473533e-01 8.668850818252018531e-01 1.065814077736402021e+00 1.185126556121435915e+00
0.000000000000000000e+00 0.000000000000000000e+00 4.599050793672839248e-09 5.238667086260815786e-09 7.158030694482723676e-09 5.927724324648061545e-09 4.387765801877706548e-09 5.505060131514028351e-09 5.473330794378771731e-09 4.621015530633131459e-09 5.205329379834744599e-09 5.272646941010004487e-09 5.164970374268360730e-09 5.198616472995085108e-09 5.135705977178251723e-09 0.000000000000000000e+00 4.596677468270603251e-03 9.121359013967747856e-03 3.587638460358562233e-03 2.436082615172807664e-02 1.188433830300003775e-02 2.308983200667352048e-02 4.433467054705536592e-02 6.986023155847362331e-02 9.128857037533204266e-02 1.292435347898906461e-01 2.498478332688605086e-01 3.548105748103195234e-01 5.953624208012270325e-01 8.497302602625744772e-01 1.262326678717369033e+00 1.744881719259573361e+00
0.000000000000000000e+00 0.000000000000000000e+00 7.254957807800273534e-09 8.158956818642672321e-09 6.655518999103287288e-09 5.685548358257497109e-09 6.326742795342203124e-09 4.636344369909056005e-09 5.388900800083994524e-09 5.258584364672478413e-09 4.821930585099829673e-09 5.223667005875207352e-09 5.032191016475861691e-09 5.123585569018129995e-09 5.178039540500208996e-09 0.000000000000000000e+00 7.599505020572033982e-03 7.836743492120346391e-03 7.224794641873295495e-03 1.753224196325241235e-02 1.043118656379311837e-02 2.854520742788109813e-02 3.068490957236973821e-02 6.249462570541690354e-02 8.814203288122689217e-02 1.518900780995259270e-01 2.209567724255804833e-01 3.626631500932303576e-01 5.695415931953454747e-01 8.736247814324593630e-01 1.435943741025517140e+00 2.460013618138741975e+00
0.000000000000000000e+00 0.000000000000000000e+00 5.053479304131659203e-09 3.559181654578028015e-09 5.248808703999318785e-09 4.941540891458398739e-09 4.665637052719976153e-09 6.060183265273829478e-09 5.857904567041311532e-09 5.607945110334271325e-09 5.169663386889109909e-09 5.117375792626025915e-09 4.962563189980113976e-09 5.158257018720289856e-09 5.170678803025982816e-09 0.000000000000000000e+00 4.920695326167357116e-03 3.178042340901693439e-03 1.701311506176015438e-03 1.663004020717152170e-02 1.306456761982097148e-02 2.093972689345010435e-02 4.754757719583396769e-02 7.817201249776709049e-02 1.114445911282166551e-01 1.456773087324917393e-01 2.283400594143182583e-01 3.446889737989017322e-01 5.187726610570204677e-01 8.727502079638178589e-01 1.296753240220419823e+00 1.933785089242970212e+00
0.000000000000000000e+00 0.000000000000000000e+00 6.690935436983429894e-09 6.702970063240206173e-09 5.025207589516176763e-09 6.232345180331559140e-09 4.087447677351458243e-09 6.039360262920457145e-09 5.075158094815855503e-09 5.146082652465588930e-09 5.416790619052276567e-09 5.115685682190605387e-09 5.107039581542317508e-09 5.056492560235955347e-09 5.203446154680603429e-09 0.000000000000000000e+00 4.655295221586248748e-03 5.259076741974044386e-03 5.330108790052914651e-03 1.323233905991763083e-02 1.532837476877118611e-02 2.903398176060046840e-02 4.041459018361641398e-02 6.169700418081221216e-02 8.986119189295836696e-02 1.366951509114531782e-01 2.566003675149076124e-01 3.305562850279195053e-01 5.572233805353847824e-01 8.777872010684355519e-01 1.386916815473044018e+00 2.209191703870197365e+00
0.000000000000000000e+00 0.000000000000000000e+00 3.240306321977753376e-09 6.305009856068653453e-09 5.671048458900952769e-09 4.895771973212721758e-09 4.145492567979232913e-09 4.907992751417137585e-09 4.676538703270445146e-09 5.441645994572014855e-09 4.977806227379858835e-09 4.999677528509989021e-09 5.172637102576481847e-09 5.160246855318104290e-09 5.173501873257379586e-09 0.000000000000000000e+00 1.680546080077504082e-03 4.206568904497057920e-03 6.332282885763288079e-03 1.339538199225326354e-02 1.100178675585045118e-02 2.218648400596772569e-02 3.603096531706716232e-02 4.766805220961557732e-02 1.024990841734305380e-01 1.573362234616788313e-01 2.149560669022270720e-01 3.438321347482235502e-01 5.827897994040743823e-01 9.244087412561988737e-01 1.096338602747833013e+00 1.367750410774849268e+00
0.000000000000000000e+00 0.000000000000000000e+00 7.486261254943578489e-09 2.875552409117950682e-09 5.021725302624543518e-09 5.201291859495882168e-09 5.082377790313292443e-09 4.905747685591919969e-09 4.805597386752476699e-09 4.618320299830264942e-09 4.997407279633486501e-09 5.140206494681414463e-09 5.024392858106338917e-09 5.092157173821405198e-09 5.257697313931415703e-09 0.000000000000000000e+00 3.367054225045409792e-03 1.844642737514006967e-03 4.466454593645243984e-03 1.555912408199007849e-02 1.368736487415344628e-02 2.559370691880562612e-02 3.084144396589224082e-02 6.065524927544531375e-02 7.004096921921142138e-02 1.444290657498782937e-01 2.263745516613638320e-01 3.395453830294686837e-01 5.534402385850946127e-01 9.216302779289572422e-01 1.303348668865635052e+00 2.001552839401861128e+00
0.000000000000000000e+00 0.000000000000000000e+00 5.082034136582416355e-09 7.240751789817370675e-09 3.063636206698350618e-09 4.806618373880872599e-09 5.600446150105140078e-09 5.329351332472257497e-09 5.236557392442169400e-09 5.026754097799589867e-09 5.939582136491346235e-09 5.128282365048601913e-09 5.185845282751828790e-09 5.092191761079220842e-09 5.179740358101798021e-09 0.000000000000000000e+00 4.975183559217227422e-03 4.920952745124008640e-03 2.131829408131286161e-03 1.064279611096548284e-02 1.113920377975749151e-02 2.898253812184422434e-02 3.606345131904685475e-02 5.799920727409228760e-02 9.748168087647661462e-02 1.596478940311916728e-01 2.823064425356528462e-01 3.721743639651754476e-01 5.406645321947927130e-01 9.308141864242713837e-01 1.419563169415873016e+00 2.314313158716879926e+00
0.000000000000000000e+00 0.000000000000000000e+00 3.527759869929996393e-09 6.820994780298591346e-09 4.013388154141243096e-09 5.810013478991845579e-09 5.330015863399770560e-09 4.648464489163940263e-09 5.171056160893135015e-09 5.016078734538912736e-09 5.062157381920830980e-09 5.110635300088004360e-09 5.108320891015283996e-09 5.123369919085787492e-09 5.122628049257671078e-09 0.000000000000000000e+00 2.763104435156084511e-03 6.130194596692117859e-03 3.811707862914407580e-03 1.202924216530394490e-02 1.844928267727134752e-02 3.246071291142828968e-02 3.262670440995543708e-02 6.084689666470064623e-02 7.904514549952024183e-02 1.382555827146922378e-01 2.268126265778201422e-01 3.556048946563745705e-01 5.266559439092516337e-01 8.460354243083025860e-01 1.382653641492474383e+00 2.176274463641001411e+00
0.000000000000000000e+00 0.000000000000000000e+00 3.042174023999822515e-09 9.816773305625241779e-09 7.704499147966995357e-09 6.398420759919819306e-09 6.704137520249326802e-09 5.463342912216612238e-09 5.518771443278247218e-09 5.248917345640191231e-09 4.787866519777451748e-09 5.258578880688642983e-09 5.150908482169045618e-09 5.202461541459221954e-09 5.038082128521164241e-09 0.000000000000000000e+00 4.444724089261923097e-03 9.725411570216155321e-03 6.953318955599757309e-03 2.942875900274408152e-02 6.638089406006637827e-03 2.920598389011519469e-02 4.498178882318345367e-02 6.563416695583382254e-02 1.056912696737524887e-01 1.489386570241451879e-01 2.086819666011944518e-01 3.773839908684371580e-01 6.281528041542369101e-01 9.097726872102527285e-01 1.348400841599458611e+00 2.012961427981656559e+00
0.000000000000000000e+00 0.000000000000000000e+00 5.707289953727980630e-09 7.888050926754279014e-09 7.362908660063833517e-09 4.676126859418723365e-09 4.942005307489980373e-09 5.444447236796783880e-09 5.303418264076941192e-09 4.566444581492976564e-09 5.305940155579130187e-09 5.307480103042079941e-09 5.031231070742255029e-09 5.227954167840957365e-09 5.145962428873078241e-09 0.000000000000000000e+00 7.838076230264886396e-03 4.031081837848080572e-03 7.639361280718169958e-03 6.938027052154141505e-03 1.429663543813185743e-02 2.259163554916063937e-02 4.031211814574357094e-02 6.313015480595210449e-02 8.901762712162085422e-02 1.419316229109217897e-01 2.622844961700261379e-01 3.897298160217000929e-01 5.530349792461588532e-01 8.963308503355053025e-01 1.448508978136018976e+00 2.334866887200996111e+00
0.000000000000000000e+00 0.000000000000000000e+00 6.767657983055043809e-09 3.969093746011692374e-09 4.145381359771544987e-09 5.163490302666852230e-09 5.669909560355482131e-09 5.332314889588691711e-09 4.953513559555690198e-09 4.771477364129453509e-09 5.031926231568839819e-09 5.220064919688316961e-09 5.137955658903513379e-09 5.127204305507071521e-09 5.154129005341908363e-09 0.000000000000000000e+00 5.239523417823006499e-03 4.576795863916952554e-03 2.217629599139085174e-03 1.341978599690312433e-02 1.215540503342924308e-02 2.548122199646172745e-02 4.030652210732681151e-02 6.540656347357272360e-02 8.931124184921240827e-02 1.440928193803046597e-01 2.179252724219696291e-01 3.718734883061889929e-01 5.786624778510583988e-01 8.897084127180173718e-01 1.195442294010328421e+00 1.803772692986748138e+00
0.000000000000000000e+00 0.000000000000000000e+00 6.834525718254461483e-09 3.105224110131776140e-09 7.698533702824373696e-09 4.558292002506381037e-09 5.017496048758369304e-09 5.112686462161349322e-09 6.006825274173785298e-09 5.387458572732232947e-09 4.657205866367895317e-09 5.039646092159164550e-09 5.239041582957770543e-09 5.094053275411455365e-09 5.048399863729503289e-09 0.000000000000000000e+00 3.657563707577408084e-03 3.547637750981907055e-03 4.440664079235295825e-03 1.496003808692616954e-02 1.546238651299835544e-02 2.284265463736299615e-02 3.624446946272982112e-02 6.876117228493408562e-02 1.130457568260410384e-01 1.325793244611844501e-01 2.093978426623796518e-01 3.602700298411157243e-01 5.524348505214706773e-01 8.553533362971927900e-01 1.161232935294026714e+00 1.597383630779740660e+00
0.000000000000000000e+00 0.000000000000000000e+00 5.465542119783389586e-09 4.003645614392028797e-09 5.715805297560671344e-09 5.037330356921079870e-09 4.604857113547069899e-09 4.732611729552414960e-09 5.510101984570801498e-09 5.213717231248604246e-09 5.168191142748788413e-09 5.299750109885377478e-09 5.311777872771705896e-09 4.997572291834504419e-09 5.172470482745235947e-09 0.000000000000000000e+00 3.733053482854190724e-03 4.673698732201624420e-03 2.991581637125501330e-03 1.282690417044065126e-02 7.697383345395496408e-03 2.833106905676566201e-02 3.049852662043446919e-02 7.118515518557122501e-02 8.831701008874609515e-02 1.440848350288635449e-01 2.608999300632541818e-01 3.653783084155485805e-01 5.524972203657791958e-01 9.094574298718958172e-01 1.192365435180969602e+00 1.806568503411526638e+00
0.000000000000000000e+00 0.000000000000000000e+00 4.923167584414606311e-09 4.397529269197126159e-09 6.190914715747253139e-09 4.889752136338930884e-09 4.779593798882485616e-09 5.866628587088319034e-09 5.155445131448224131e-09 4.739292928023895814e-09 5.322432804717521314e-09 5.254300248485616779e-09 5.482542703373059735e-09 5.030258720824136219e-09 5.156457079039086220e-09 0.000000000000000000e+00 2.518062690266625273e-03 3.439101546147059398e-03 2.543232733090038198e-03 1.946665194275013638e-02 1.759589901478125426e-02 2.366484889242629827e-02 3.984547051964781872e-02 5.669886026622215219e-02 9.340455257904145547e-02 1.367026157169389244e-01 2.522389200332141868e-01 3.822786599713237643e-01 6.261024242997723643e-01 9.364010151474337906e-01 1.203031876674719669e+00 1.763330300512373938e+00
0.000000000000000000e+00 0.000000000000000000e+00 4.549282779420344301e-09 3.960505168799234634e-09 4.946941297498254980e-09 4.380411924395734189e-09 5.083707259723331463e-09 5.116186749707832454e-09 4.949257809553358341e-09 5.304643997053601713e-09 5.085842588155840162e-09 5.050438569325234264e-09 5.108632313161809920e-09 5.247950095337914827e-09 5.194338332214702346e-09 0.000000000000000000e+00 3.527140086470146371e-03 3.526644511690043421e-03 2.348904447916787611e-03 1.172427226988324335e-02 1.177701824694773504e-02 2.321403801131249889e-02 2.512936402948167530e-02 6.373104716352925858e-02 8.989757565562508934e-02 1.465053627118210744e-01 2.342031329515101845e-01 3.589847988908713150e-01 5.652023956248312109e-01 8.862931841002531508e-01 1.137831330831837295e+00 1.515487752337096206e+00
0.000000000000000000e+00 0.000000000000000000e+00 7.728294018977840215e-09 8.443155768699985171e-09 5.561340731311959627e-09 5.006708649992656658e-09 5.169776174825748954e-09 5.766465928456706081e-09 4.392026755607117379e-09 4.844575901557014651e-09 4.908162920720123916e-09 4.915045096289266107e-09 5.130926954558186668e-09 5.195247647396183393e-09 5.189982828130785531e-09 0.000000000000000000e+00 8.950677000295522920e-03 6.992303594739450456e-03 2.601587746215129008e-03 1.821751724354275445e-02 1.366070812713979579e-02 2.761739516354648830e-02 3.417881139372224569e-02 5.543466720122214308e-02 8.268213521151299150e-02 1.286688169429232309e-01 2.341510755065376037e-01 3.598739323877210849e-01 5.491985984843534840e-01 8.840268892450634519e-01 1.295945203496236875e+00 1.888168894727267899e+00
0.000000000000000000e+00 0.000000000000000000e+00 6.255173463561166524e-09 5.355965407367037466e-09 4.422727067887458951e-09 5.114188913176789625e-09 5.546835074266036778e-09 5.608236547125384208e-09 4.978132700057018475e-09 5.154283992805939637e-09 4.977109995243099354e-09 5.000777595856092965e-09 5.130212652616504860e-09 5.174723668057764314e-09 5.156418155391440080e-09 0.000000000000000000e+00 5.200020957179386609e-03 4.376334623000966741e-03 2.615716358939076079e-03 9.951571133795970164e-03 1.347068745377553133e-02 2.662609053693272207e-02 3.587561784632196937e-02 6.596552659424632925e-02 9.672864363136796095e-02 1.466939254754196509e-01 2.269134490811481331e-01 3.335447319039187564e-01 5.896972625498018150e-01 8.965312745588631671e-01 1.255312877306814290e+00 1.679058587749247433e+00
0.000000000000000000e+00 0.000000000000000000e+00 6.540659333953873436e-09 3.089046836030999428e-09 3.466018382686699805e-09 5.901766401304467621e-09 4.617959690505948444e-09 4.771307642541954943e-09 5.612675231189397780e-09 5.197804546933116399e-09 4.924705523976561136e-09 4.915272540326903296e-09 5.267572190084258968e-09 5.024986791530071139e-09 5.212456302187718670e-09 0.000000000000000000e+00 3.872489466954291866e-03 1.692396218515327452e-03 2.592424980956836451e-03 1.292608361181932751e-02 1.636819786915636593e-02 1.911838713130763201e-02 3.717182235204390117e-02 5.683545168753419141e-02 1.156096874393131441e-01 1.473608659763240014e-01 2.335741755892957738e-01 3.545990331637203785e-01 5.701810470837769262e-01 9.122865684423404620e-01 1.340368676558755689e+00 2.203821924112215669e+00
0.000000000000000000e+00 0.000000000000000000e+00 3.038030262714681476e-09 4.721800305927944430e-09 5.849931482161146102e-09 5.213855700445825431e-09 5.524431996081339315e-09 5.845648726339681846e-09 5.238360365259889360e-09 5.196940307252560935e-09 5.130195345580794704e-09 5.094227427202078146e-09 5.015436799687110677e-09 5.058229261274137552e-09 5.213834601228303440e-09 0.000000000000000000e+00 2.153590703610835759e-03 6.271062020853271357e-03 2.075133411179963614e-03 1.320270728050844389e-02 1.306322341853040879e-02 3.127409946892244219e-02 4.838779877748108915e-02 7.084244138170425753e-02 9.514323172681285468e-02 1.329207368913775666e-01 2.454183160763771521e-01 3.063003005409409285e-01 5.593318817769874496e-01 8.869853183891311943e-01 1.216584601144713229e+00 1.788787740181150498e+00
0.000000000000000000e+00 0.000000000000000000e+00 6.473085339105646068e-09 4.181654217756574623e-09 4.527110391322452082e-09 6.215011583002139985e-09 4.253042949361834022e-09 5.800769678593409808e-09 5.199391366463055394e-09 5.028495577022177829e-09 5.192488492683420043e-09 5.055338289562438900e-09 5.318293662014154200e-09 5.027577132148724848e-09 5.070154908413588835e-09 0.000000000000000000e+00 6.137401074034825807e-03 2.394486890739168979e-03 3.806785149620147465e-03 1.512292476396387766e-02 1.344985937307973702e-02 2.799210393438690200e-02 3.199427915214213963e-02 6.740792979585590039e-02 8.709520781575501303e-02 1.530306744958566667e-01 2.310618901115513157e-01 3.557946251901338286e-01 5.775077655211177108e-01 8.864299474260768363e-01 1.215036646515747609e+00 1.697719954353360095e+00
0.000000000000000000e+00 0.000000000000000000e+00 4.233336254508434013e-09 3.728802571243270926e-09 5.490228195325033070e-09 5.799638115893276502e-09 4.346550310117395524e-09 4.217006131411915855e-09 5.370141049783864893e-09 4.937632276576597914e-09 5.173101452060622194e-09 5.223729896918115374e-09 5.195007552536218763e-09 4.973434824885347955e-09 5.060982383335896455e-09 0.000000000000000000e+00 3.101050824799052134e-03 4.392086974608624614e-03 3.440511672274651576e-03 1.653540979152767418e-02 1.215004254604098999e-02 2.215167688728527512e-02 2.507146007915660862e-02 5.833818003872719149e-02 9.792965017239387004e-02 1.246419430465637301e-01 2.380757786761740213e-01 3.753119311111102752e-01 5.642280124060141677e-01 9.229202793206102706e-01 1.482881961869383147e+00 2.487373706369131021e+00
0.000000000000000000e+00 0.000000000000000000e+00 5.614924618609218003e-09 3.265121147527220017e-09 6.341072104044139110e-09 4.886861649936980341e-09 4.381947084219856074e-09 4.334457350538015150e-09 4.858476870804648081e-09 4.867146080879565549e-09 5.171675053993090067e-09 5.062355885634285043e-09 5.218216391805916890e-09 5.029659703729446453e-09 5.206439106471956845e-09 0.000000000000000000e+00 3.167110286014668437e-03 4.347674116783557807e-03 5.980670942178774666e-03 1.332438548972568818e-02 1.056557530228220340e-02 2.542898323754984660e-02 3.037036998716055591e-02 4.637418301300223061e-02 9.687362752946684918e-02 1.351605788016438103e-01 2.483052617695307995e-01 3.304218430956846198e-01 5.817049123656343745e-01 8.949465544341073109e-01 1.465419130011396343e+00 2.383376664203939121e+00
0.000000000000000000e+00 0.000000000000000000e+00 2.950048026449435866e-09 5.615575383045269825e-09 5.023533652960215797e-09 5.424062461952434292e-09 4.785751068859086688e-09 5.101155120096119180e-09 4.695707315154693779e-09 4.909721800284712706e-09 5.321648899088013711e-09 5.167290346007814562e-09 5.227850387694034046e-09 5.044108396676127916e-09 5.141402975389252343e-09 0.000000000000000000e+00 2.908433884042199886e-03 5.674797543606316733e-03 3.348246595032977786e-03 1.625141660773168559e-02 1.367509884373606030e-02 2.686299930892960264e-02 2.891231379634616114e-02 6.109072155562791234e-02 8.115669345420380154e-02 1.448968094796410089e-01 2.671061637966763991e-01 3.699956745586064355e-01 5.441716102891025475e-01 9.211609784181371552e-01 1.314207553283530228e+00 1.948006150364072653e+00
0.000000000000000000e+00 0.000000000000000000e+00 4.666586038132367884e-09 7.217208187260806850e-09 3.535084038692887090e-09 5.207295906881826646e-09 4.662049372122690550e-09 5.577940704888262386e-09 5.277164147306896880e-09 5.365084235638428121e-09 5.882718813741358592e-09 5.268435382361642579e-09 5.005765798798335780e-09 5.245348451514916161e-09 5.127368700101317472e-09 0.000000000000000000e+00 3.067832222191398898e-03 6.314061726541084392e-03 1.708481409307764740e-03 1.419449311899615915e-02 9.203834907724899733e-03 2.920642228924696243e-02 3.819618778090356354e-02 5.935876374341447770e-02 9.511528714256609063e-02 1.571133837467006411e-01 2.819191589583864288e-01 3.420237450106681232e-01 6.132536049064090111e-01 8.749353207639163355e-01 1.179574399003617602e+00 1.500235143208629385e+00
0.000000000000000000e+00 0.000000000000000000e+00 4.535259852036719533e-09 5.809679543141135823e-09 5.714595894728133556e-09 5.356201581724572500e-09 5.275054907745528393e-09 4.990226741035799697e-09 5.116512670080680972e-09 4.757761975626519135e-09 4.992273058979772133e-09 5.343688448862361652e-09 5.289264672754656933e-09 4.929645611808229555e-09 5.051728906803797058e-09 0.000000000000000000e+00 4.837252972994214931e-03 4.724180465347385324e-03 7.233962205457316989e-03 1.525185145583554669e-02 1.435074140074314199e-02 2.362446605319510826e-02 3.885558512838312162e-02 5.344396367383204283e-02 9.503523367075553119e-02 1.296237630474815772e-01 2.454631390674692493e-01 3.763280776874603495e-01 5.696920423661941957e-01 8.660350175264458494e-01 1.135695158525460435e+00 1.714771030269931940e+00
0.000000000000000000e+00 0.000000000000000000e+00 3.090574895941575554e-09 3.573402569350367665e-09 7.086713453763193355e-09 5.102345807589187081e-09 4.983542109100585456e-09 4.605626985657253373e-09 4.975071689590162350e-09 5.112441060934286796e-09 5.507264840864068233e-09 5.255232358059696525e-09 5.202507091302793460e-09 5.127878760940852326e-09 5.044050253215436170e-09 0.000000000000000000e+00 2.645750599807535769e-03 2.667356667745162183e-03 8.685714940354546595e-03 1.446642409552757400e-02 8.501281127730426351e-03 2.163829117910399599e-02 3.474946278654187509e-02 6.125977946718937778e-02 8.948457124856194767e-02 1.580771029525719629e-01 2.635073058747710584e-01 3.877795767115859715e-01 5.632990204822132529e-01 9.079363670096529670e-01 1.351676967139546770e+00 2.144169394872502465e+00
0.000000000000000000e+00 0.000000000000000000e+00 7.300867095336400523e-09 5.922800566945595175e-09 3.843186010505404512e-09 5.454935197321517113e-09 4.794907774906432693e-09 6.222682236541066837e-09 5.156712336129950048e-09 5.170835680232533385e-09 4.953222301715576202e-09 4.868322593708945265e-09 5.006093722998409836e-09 5.150086882206086253e-09 5.097638564126404530e-09 0.000000000000000000e+00 4.740164389893382173e-03 2.083478290586798266e-03 2.792466723154613840e-03 1.559843264691742303e-02 1.843772724919181052e-02 2.700590408539883108e-02 4.316628332496329906e-02 4.944308832143971821e-02 8.578915361832172015e-02 1.611094578301326685e-01 2.033866807708920865e-01 3.404835668612996580e-01 5.038247471386172460e-01 8.916554875567541671e-01 1.128697292603385138e+00 1.610555231458695946e+00
0.000000000000000000e+00 0.000000000000000000e+00 6.296393960622146805e-09 4.361497411405570655e-09 3.233408000847610410e-09 4.105293904191746438e-09 5.356711001295738840e-09 5.365084604768241348e-09 5.133919429767865135e-09 4.742055421647286689e-09 5.126684840909963167e-09 5.037888036952232578e-09 4.987797629742736150e-09 5.101238891125869610e-09 5.179438152796385270e-09 0.000000000000000000e+00 3.677948881895089402e-03 1.494960766147642112e-03 1.180047610109911851e-03 5.858224395330869153e-03 1.239919970766140307e-02 2.858310254869110903e-02 3.413907494090845374e-02 5.638290111060349080e-02 8.046362021524616770e-02 1.398887986085387281e-01 2.136802803900346992e-01 3.490939227482335316e-01 5.543249831700075569e-01 8.582143882855841621e-01 1.296363206260981560e+00 1.920922757781714507e+00
0.000000000000000000e+00 0.000000000000000000e+00 5.927732512249300102e-09 2.008817833150364665e-09 5.127673703003128717e-09 3.766611649560872345e-09 5.286982025305684700e-09 5.534122013332925727e-09 5.571156020634118803e-09 5.522123854835340871e-09 4.861817515081872127e-09 5.035350765185880702e-09 5.167958151586089292e-09 5.242606212780785411e-09 5.078453647721926291e-09 0.000000000000000000e+00 3.768192538263719256e-03 1.884924447570562487e-03 3.572694507932144218e-03 1.425829137858381467e-02 1.078852258945676643e-02 2.618844220852189000e-02 3.605743194206370572e-02 6.291166533540235029e-02 1.129230275361205599e-01 1.547719336735509932e-01 2.023684952129652659e-01 3.622858284595316114e-01 5.505010997123316319e-01 9.207544446528632687e-01 1.301218620243538293e+00 1.871529097751746251e+00
0.000000000000000000e+00 0.000000000000000000e+00 7.478816179788789327e-09 2.675603424744909907e-09 5.113181163849101052e-09 6.831527252863261946e-09 5.570947818435910947e-09 4.910546914548237143e-09 5.251747557284032771e-09 5.279747630947789420e-09 5.296344403507380307e-09 5.246672698795259901e-09 5.324417793844831835e-09 5.091899555972918615e-09 5.109478086401664237e-09 0.000000000000000000e+00 1.636671270360541813e-03 2.291924587550004614e-03 4.819080918074207694e-03 1.469610727960385908e-02 2.218610143862387307e-02 2.188059645491288729e-02 2.795111828087034136e-02 5.643484194129400056e-02 1.027782041320852019e-01 1.502369325020412039e-01 2.503460621490744553e-01 3.608648271588262291e-01 5.822002692395769063e-01 8.837870098146083375e-01 1.179775381568005432e+00 1.576528847505619613e+00
0.000000000000000000e+00 0.000000000000000000e+00 3.829937106998685845e-09 5.136802117753186603e-09 5.552627688623643355e-09 4.915492390895559133e-09 5.549687970735665844e-09 4.580239936629405305e-09 4.821800103387718268e-09 4.861871115655998880e-09 5.450033938972922323e-09 5.065163054226571211e-09 5.275508320990861123e-09 5.109140916159944248e-09 5.034678415529140718e-09 0.000000000000000000e+00 1.770901777823723905e-03 7.056780333837592463e-03 2.241638632106085580e-03 1.754534210038673214e-02 1.343604584255004251e-02 3.341746401379035863e-02 3.026072401560486042e-02 5.408402507439016155e-02 7.929775865530738765e-02 1.538586436842832028e-01 2.509351187693186769e-01 3.549845114303119553e-01 5.755093414361105442e-01 8.856715908288552708e-01 1.257724015030611042e+00 1.887701326598044460e+00
0.000000000000000000e+00 0.000000000000000000e+00 8.872290300901734265e-09 4.688082992246943995e-09 6.470669234468727075e-09 4.148692293118639796e-09 5.245620675303379796e-09 4.957148692050545734e-09 5.470265928012528424e-09 4.819285527944561595e-09 5.225230370473040554e-09 5.195146256600844046e-09 5.042300776951300959e-09 5.140509039300703505e-09 5.296334831205324016e-09 0.000000000000000000e+00 6.121838434368862165e-03 3.257547898754084570e-03 1.147696505802075009e-02 1.073152572693676990e-02 1.147734147121347824e-02 2.724068279220226430e-02 3.360588580356720784e-02 6.227651824870202718e-02 1.082913160239122874e-01 1.362200704804671092e-01 2.456121815361245742e-01 3.699999869250981677e-01 5.547933837713404648e-01 9.020976493013165287e-01 1.424616899430847461e+00 2.385941074793862970e+00
0.000000000000000000e+00 0.000000000000000000e+00 4.010293780694553471e-09 6.439878692599976371e-09 7.089878993610954987e-09 5.457284097913018416e-09 5.246790282321595961e-09 5.797396941682179180e-09 4.581342139468164888e-09 5.530996598883023877e-09 5.047892835497731886e-09 4.851022209608742935e-09 5.044874363706615512e-09 4.967216018997269110e-09 5.051978723049330032e-09 0.000000000000000000e+00 2.742829047219115784e-03 5.858021119559545138e-03 5.233136010061872553e-03 1.636383592658144370e-02 1.538190678249343538e-02 3.015681381801407074e-02 3.574251555361618315e-02 5.487151292592682555e-02 9.340246246647172790e-02 1.422987183485563967e-01 2.259775491635454547e-01 3.097896480647004402e-01 5.394762027577950647e-01 8.624927629639657090e-01 1.180180937205528746e+00 1.621916387309412233e+00
0.000000000000000000e+00 0.000000000000000000e+00 6.085054764281824650e-09 3.544625584229111582e-09 4.342288240668459048e-09 5.961000657786562738e-09 6.020299464913994287e-09 5.080346974515672522e-09 6.159916025051235916e-09 5.126668661407715267e-09 5.134820384575090777e-09 4.907696960761682820e-09 5.121168812700222626e-09 5.192807459836608086e-09 5.063422564641290673e-09 0.000000000000000000e+00 2.865108888646486583e-03 1.684165147062840692e-03 3.086824507412260811e-03 1.559109484906116491e-02 1.911625439211643920e-02 2.994062111611191929e-02 4.291857607402807528e-02 6.706543265444754598e-02 8.277987062399105866e-02 1.328646122687200393e-01 2.399063798488715593e-01 3.441810494245033381e-01 5.665774247723985857e-01 8.696167455452290529e-01 1.061441086924399757e+00 1.270428559520403677e+00
0.000000000000000000e+00 0.000000000000000000e+00 5.001670081623934318e-09 6.706410961582426229e-09 3.238853882173871341e-09 5.131364687661007393e-09 4.995221091843590101e-09 4.460962505825073537e-09 5.308946899220457751e-09 4.845758742868242359e-09 5.029729763453659307e-09 4.746277610943639966e-09 5.293983417865662559e-09 5.119701906419779130e-09 5.099102416216527087e-09 0.000000000000000000e+00 3.291161061832460939e-03 4.900342833577962104e-03 2.765275462049754992e-03 9.770457587292747173e-03 1.628884774093083965e-02 2.397633531184037090e-02 3.423435826196764842e-02 5.002395218509390895e-02 9.261434103387058969e-02 1.425687103187349702e-01 2.398367253563469803e-01 3.404655675585251395e-01 5.799021556104968500e-01 8.582227479094026723e-01 9.016327634354901477e-01 9.822262604577387535e-01
0.000000000000000000e+00 0.000000000000000000e+00 3.232576576166754552e-09 4.507676182408416830e-09 5.021527745672496507e-09 4.987877023293361610e-09 5.466418452526398345e-09 4.396611136285651226e-09 5.602610459644574070e-09 5.527288416888937568e-09 5.190963701710371250e-09 5.101954768618907916e-09 5.250029750139433119e-09 5.180469079193595720e-09 5.001794176879886270e-09 0.000000000000000000e+00 2.786260527317300107e-03 6.068065724039658181e-03 4.784912600152685033e-03 1.112652412178687274e-02 1.164600708267803444e-02 2.510270123507777826e-02 2.857011380400025294e-02 7.154725836789722904e-02 1.001017474199724366e-01 1.587944717683533735e-01 2.570636295586343767e-01 3.740221574286609063e-01 5.819733108751964368e-01 8.916605472672609611e-01 1.239559692875923602e+00 1.753052876481744349e+00
0.000000000000000000e+00 0.000000000000000000e+00 5.037949616882962928e-09 4.088200570093774015e-09 4.482963414534234459e-09 4.420374984756512650e-09 4.151987728204863668e-09 4.849768475814326871e-09 5.141049886070568530e-09 5.462971811747853938e-09 4.929594200738985611e-09 5.072989433654266003e-09 4.975645689139230797e-09 5.205275107872842987e-09 5.057999590903858333e-09 0.000000000000000000e+00 3.800148672373773132e-03 2.330408045242335878e-03 3.224232396464091210e-03 1.104918047425966152e-02 1.151924263245245397e-02 2.532553730223727900e-02 3.257910687474235151e-02 5.526298433753425859e-02 1.024833089324239388e-01 1.306309918246591484e-01 2.197250347578921514e-01 3.547748145454777680e-01 5.698526970309506501e-01 8.626495694071982800e-01 1.267111722566138576e+00 1.805365958221697209e+00
0.000000000000000000e+00 0.000000000000000000e+00 4.259644090739845856e-09 4.131242282804313211e-09 3.712865855234066536e-09 4.543865313034502089e-09 5.416789950371618181e-09 4.368975913561166932e-09 5.367020208879792978e-09 5.147971969405020406e-09 5.664887753276126130e-09 5.338541940169994312e-09 5.049745373290283884e-09 5.228538257619840648e-09 5.145774898419738044e-09 0.000000000000000000e+00 3.530154795088486126e-03 5.177605024776076210e-03 1.566603816836995358e-03 1.130576597716268818e-02 1.128423950135364409e-02 2.660617017189754671e-02 3.199338851427922792e-02 6.752875338158562113e-02 9.648296334740327773e-02 1.486596051264711671e-01 2.671692941800350996e-01 3.756312313951121196e-01 5.710537900152629076e-01 9.062062341588760228e-01 1.330423122382696555e+00 1.983860274998027862e+00
0.000000000000000000e+00 0.000000000000000000e+00 4.094949265824148729e-09 5.981151103085923119e-09 3.677575921159688249e-09 4.858337186392093446e-09 4.344604670641311878e-09 4.659932404871690967e-09 4.547650099329750995e-09 5.029088871550449745e-09 5.013780480963386754e-09 5.109687481904829762e-09 4.994837829870882216e-09 5.145681981305272901e-09 5.120854174808825573e-09 0.000000000000000000e+00 4.112189791799317554e-03 5.713235989133211637e-03 3.728881358403236639e-03 1.000226655860404247e-02 1.224951243671703813e-02 2.192990873188585890e-02 2.938438244046203199e-02 4.740277999654646246e-02 8.783487603849952918e-02 1.470743673680973418e-01 2.347122369938884900e-01 3.648680139141330936e-01 5.224120469505629805e-01 8.492212161004498716e-01 1.178766540891793113e+00 1.616112348142280108e+00
0.000000000000000000e+00 0.000000000000000000e+00 4.915519027680564904e-09 4.399582629566747767e-09 5.807159191814081471e-09 5.539603810718281865e-09 5.298187018907749612e-09 5.844666235166452852e-09 6.190460589431798972e-09 5.050622839692569137e-09 5.160820345594605297e-09 5.205508385521727100e-09 5.077734044927066377e-09 5.082285366927545237e-09 5.158538287693479950e-09 0.000000000000000000e+00 3.612627841432006735e-03 4.683218917337163972e-03 4.291505559778098153e-03 1.103209337172590329e-02 1.985434408755848770e-02 2.966089398548736253e-02 4.898067245634962069e-02 8.713840336299846778e-02 9.260247515011024722e-02 1.305192869771081010e-01 2.220289159469775730e-01 3.679014848406002569e-01 5.640183261763943579e-01 8.971964294625911496e-01 1.412277128505363244e+00 2.195084116884834735e+00
0.000000000000000000e+00 0.000000000000000000e+00 4.427792098847488339e-09 6.523272822426065837e-09 4.282946456685256843e-09 5.511632191373004380e-09 5.258369612301066774e-09 5.382164020194234904e-09 5.406930766456464940e-09 5.018455318906627594e-09 5.079228672954484954e-09 5.381089937562830836e-09 5.125738517295564986e-09 5.102397217340910153e-09 5.190725265302905086e-09 0.000000000000000000e+00 5.191474528082645930e-03 5.271461935050883799e-03 3.769127059441136629e-03 9.321940745613377377e-03 1.673348266865767875e-02 2.630517409522252145e-02 4.021897876199304056e-02 6.684770306910024773e-02 9.391342205181972547e-02 1.405188253195904791e-01 2.566719692336550951e-01 3.800631135242715786e-01 5.835261400475681981e-01 8.625484826825688955e-01 1.632374939948580295e+00 2.765638335672079950e+00
0.000000000000000000e+00 0.000000000000000000e+00 5.996238921535679949e-09 7.481384603021910276e-09 3.018846003558776812e-09 4.751640660736015782e-09 4.183305846510578314e-09 5.372358794814951791e-09 5.428953148439927568e-09 4.774517764667790660e-09 4.906237330724284414e-09 5.052743151693645519e-09 5.067011927498419687e-09 5.050480283647079980e-09 5.098127845514162925e-09 0.000000000000000000e+00 4.042440520331446775e-03 4.085807645440970963e-03 1.876042197454620003e-03 6.446867520434150858e-03 1.551050010459134598e-02 1.842631785135356512e-02 3.487617783779765890e-02 6.016887824256811346e-02 8.923771263257473940e-02 1.381632163195412599e-01 2.180124548437239740e-01 3.436033811201034127e-01 5.467282516941167625e-01 8.745730549353838423e-01 1.187845995973792368e+00 1.717237837544398404e+00
0.000000000000000000e+00 0.000000000000000000e+00 3.654619565621244452e-09 7.248944665523077990e-09 4.733558532557633981e-09 4.277563795546080975e-09 5.413287924909340786e-09 4.402067349909485205e-09 5.131719638698074984e-09 5.278883659898230772e-09 4.943032667681051414e-09 4.977083559076024862e-09 5.168388797700141979e-09 5.111908715919552848e-09 5.176368702852788337e-09 0.000000000000000000e+00 3.478035429863068299e-03 4.809899932849341468e-03 6.563172473370240505e-03 7.998537178273429013e-03 1.397277741776648506e-02 2.859903999160144303e-02 3.441556398300036484e-02 5.875875216259931338e-02 8.651687066921143199e-02 1.422249090597108301e-01 2.079194179230227368e-01 3.344986080979155396e-01 5.614482527206574591e-01 8.875613680995059207e-01 1.380432105412414234e+00 2.152887724528472990e+00
0.000000000000000000e+00 0.000000000000000000e+00 3.564041728942290853e-09 5.417116447116123002e-09 5.405871742595807289e-09 5.698407969327994982e-09 4.729302188619444068e-09 5.458902175953922993e-09 5.551537016271635593e-09 5.170324953864897512e-09 4.891048550910219137e-09 5.109875762828320633e-09 5.162074305562240234e-09 5.118829158449544421e-09 5.070777129923477495e-09 0.000000000000000000e+00 3.436680291558812800e-03 4.412138363462675232e-03 5.552982100180092230e-03 1.519769966147531751e-02 1.100957918323005463e-02 2.570544990896522081e-02 3.867831846964407683e-02 7.759803185266582470e-02 9.340960179070315061e-02 1.296946886052514902e-01 2.212406610411864205e-01 3.579448212595076062e-01 5.494526004784006101e-01 9.201762398587739478e-01 1.363990460309527197e+00 2.119734406940560589e+00
0.000000000000000000e+00 0.000000000000000000e+00 5.971996669059654367e-09 3.540268343559864685e-09 9.405844733404552603e-09 4.585225061012158683e-09 4.908036755474315351e-09 3.859080259345156467e-09 6.035039971306747617e-09 5.135034835245070382e-09 5.111507428069794916e-09 4.921986538863220751e-09 5.136933921519638372e-09 5.182985232162647743e-09 5.009564756852168237e-09 0.000000000000000000e+00 2.557821865095938948e-03 3.415463631543657307e-03 1.200892670361945400e-02 1.367829151818186241e-02 5.919863229227733184e-03 2.360321379696147040e-02 2.488523368165197411e-02 7.411204821478908911e-02 9.541997559724557654e-02 1.514010269692639410e-01 2.212859386540047824e-01 3.634980757129281370e-01 5.839510979645912148e-01 8.925438736997201028e-01 1.807177393882752892e+00 3.108127342339614074e+00
0.000000000000000000e+00 0.000000000000000000e+00 5.786476983617535285e-09 3.540377243690419814e-09 5.657462758403992970e-09 4.775004855994138302e-09 5.396692085051991596e-09 5.138166940319625760e-09 5.107283705483858502e-09 5.001001543765151027e-09 5.400267249867675460e-09 5.212499001096777834e-09 5.018222328239354239e-09 5.050169581818529626e-09 5.185596170891630453e-09 0.000000000000000000e+00 4.836066125944049436e-03 2.978790070892504364e-03 3.652760787964687977e-03 1.939797677973561368e-02 1.300278792611733215e-02 2.819350511245805740e-02 4.826592172066559994e-02 6.499073283447606708e-02 8.466604793688362052e-02 1.414019776093930481e-01 2.264213340892693438e-01 3.451717936329388725e-01 5.564923033725384105e-01 8.595023880424570439e-01 1.563026565883261387e+00 2.565317799377759833e+00
0.000000000000000000e+00 0.000000000000000000e+00 5.052355042662465620e-09 4.319614048452269992e-09 4.608262230046420730e-09 5.031126270243991714e-09 6.291520397240872403e-09 4.887976822950986904e-09 5.098887465932559428e-09 5.017731669422167189e-09 5.457119347329759726e-09 5.201601025320308966e-09 5.038965732126471071e-09 5.119771827636520076e-09 5.179980715883694538e-09 0.000000000000000000e+00 3.487150168504689861e-03 3.690625914229946850e-03 4.208157343729668556e-03 1.283209888442343738e-02 1.064871279456104311e-02 3.364187463231273212e-02 3.402846954556274645e-02 5.937194091821953318e-02 1.005036912411342298e-01 1.361274076528936061e-01 2.539184084296871036e-01 3.393103860323370413e-01 5.652305127806553919e-01 8.320846411113016483e-01 1.424484388599869478e+00 2.112275990157033156e+00
0.000000000000000000e+00 0.000000000000000000e+00 4.671593652961337943e-09 4.113691160247715246e-09 3.733395275908211323e-09 5.052298875643314978e-09 5.554941512550374179e-09 5.585305070308808215e-09 5.726389005518892182e-09 5.177315700756472737e-09 5.110517069151662408e-09 5.187768554442730530e-09 5.053233740809444253e-09 5.162812221069097694e-09 5.169399511934261406e-09 0.000000000000000000e+00 3.390345492841636329e-03 2.604110717822486539e-03 6.171636501486675412e-03 8.934488446341436879e-03 1.038012669240618788e-02 3.372218740206296694e-02 3.421090202713816808e-02 7.087272243990873355e-02 8.786087154671298749e-02 1.431267037237540785e-01 2.248014566911979151e-01 3.814107040683257788e-01 5.577294103895276134e-01 9.118277394310657646e-01 1.123399354531371852e+00 1.452956668413216246e+00
0.000000000000000000e+00 0.000000000000000000e+00 7.137008100566547335e-09 5.064463585266282518e-09 6.013461618590059287e-09 6.382066853906175460e-09 5.671530234826572144e-09 4.812777158981853747e-09 5.471942016938979607e-09 4.994439765887674874e-09 5.207250543832012323e-09 5.274945828875231755e-09 5.149776066754288078e-09 5.021092584203640049e-09 5.078406460641469870e-09 0.000000000000000000e+00 6.198482770270925986e-03 6.603667744933647450e-03 4.658123850322859125e-03 1.381570441865660401e-02 1.275140315107187172e-02 2.734572832173733786e-02 3.278554180069608720e-02 5.060297214443639641e-02 9.528041218407201640e-02 1.344431468273846464e-01 2.336160119770744337e-01 3.503503521503154028e-01 5.825130613129393398e-01 8.613456081207102599e-01 1.168960435894434102e+00 1.667553382271438789e+00
0.000000000000000000e+00 0.000000000000000000e+00 4.624662743633373715e-09 5.084101951101815796e-09 4.226749896561196034e-09 5.109881795393329729e-09 5.217134299424379364e-09 5.308290132222491657e-09 5.207742932637228471e-09 4.991901360562463747e-09 5.193399578340718773e-09 5.169088494885322988e-09 5.135642765361199656e-09 5.112057528054277829e-09 5.057327955065435403e-09 0.000000000000000000e+00 4.529674060828439534e-03 3.515179675213182028e-03 4.811980969846738933e-03 1.164912048578249301e-02 1.371164097950164015e-02 2.938683008685116782e-02 3.715555245309678373e-02 6.076408323064225181e-02 9.596546900849141359e-02 1.305386710402414718e-01 2.393022409386288962e-01 3.709873601872927806e-01 5.309176272013017561e-01 8.801207465885723114e-01 1.029679459339360337e+00 1.189078750005370333e+00
0.000000000000000000e+00 0.000000000000000000e+00 3.473251773280018870e-09 5.144314306639970391e-09 6.210340613325335452e-09 5.663645249602801638e-09 5.360053005608432658e-09 4.922952539425985031e-09 6.091372994099400109e-09 5.495409884510560493e-09 5.233344147051131849e-09 5.253345207468655917e-09 5.161369589489356972e-09 5.192845670589634872e-09 5.125242077207756857e-09 0.000000000000000000e+00 1.990142800634970514e-03 6.215244176125014723e-03 2.931957952777749284e-03 1.741120018226127719e-02 1.277616012313445050e-02 2.534927981137111153e-02 3.746171863278787567e-02 7.215619355844703209e-02 1.098416090339955770e-01 1.577458895613316758e-01 2.301626367562580600e-01 3.731992397783600590e-01 5.890313657786552248e-01 9.178934480738923929e-01 1.286566729146464194e+00 1.932492493090899099e+00
0.000000000000000000e+00 0.000000000000000000e+00 2.852129824883232806e-09 4.639182523067421620e-09 3.868614475374446178e-09 3.363230200434865224e-09 6.175453057813114159e-09 4.613990254647641021e-09 5.141079030797343603e-09 5.160757066824491523e-09 5.093794979910443120e-09 4.903430361584271569e-09 4.979096305954086126e-09 5.038098904072086352e-09 5.063968237939961129e-09 0.000000000000000000e+00 2.148045246767308313e-03 3.139186834699649216e-03 2.805466980854364259e-03 1.241175978667174995e-02 7.754633434515385837e-03 2.559974807798453406e-02 4.122028696312517865e-02 5.264550153709136870e-02 8.566504739443545069e-02 1.654374815427920309e-01 2.033878691367153324e-01 3.370532844396830763e-01 5.347006377942837840e-01 8.170693918301747960e-01 1.152778738159596861e+00 1.478812087469787206e+00
0.000000000000000000e+00 0.000000000000000000e+00 4.177758404822329963e-09 4.683226849101622295e-09 6.442606780412508430e-09 4.395299416232433652e-09 5.429472664606530913e-09 4.872164544706212885e-09 5.255977280628321184e-09 5.546403987530707452e-09 5.227645996630458478e-09 5.136582660321867473e-09 5.247216983336814942e-09 5.215670865444440905e-09 5.010978619432733239e-09 0.000000000000000000e+00 3.197014070125003653e-03 3.027621498659329412e-03 6.027285519956483532e-03 7.749257612550295056e-03 8.805774976054631803e-03 3.537018288672106464e-02 3.258649925189728569e-02 7.088468495149069515e-02 9.507643968042943372e-02 1.508356623473883773e-01 2.252537921396425280e-01 3.714196042751557458e-01 5.699713983103323889e-01 9.143885910248654714e-01 1.548372550270565196e+00 2.492536929348577512e+00
0.000000000000000000e+00 0.000000000000000000e+00 5.302392216791514358e-09 3.797147913986252709e-09 5.306282328854283549e-09 5.980832056824721624e-09 6.409207574441228836e-09 5.445356515096931699e-09 5.062791199016256450e-09 5.300971469692902870e-09 4.961851700115237744e-09 5.260261869239252792e-09 5.145195193305731627e-09 5.141436445199641452e-09 5.051632057960364032e-09 0.000000000000000000e+00 1.965079331579066939e-03 2.594311656318929078e-03 4.022233282808715740e-03 1.621897688394921544e-02 1.905916280277718255e-02 2.493237529243701872e-02 2.952099530830187835e-02 5.925741173012457480e-02 9.366134134099138309e-02 1.440599092808631521e-01 2.461823483886901032e-01 3.601499664622410113e-01 5.328849882085343603e-01 8.816776795875567174e-01 1.154638285795223984e+00 1.496704023593183885e+00
